"TOA5","Weather CEN","CR1000","16324","CR1000.Std.15","CPU:WeatherCEN060314.CR1","24221","DayAvg"
"TIMESTAMP","RECORD","AirTC_Avg","AirTC_Max","AirTC_Min","RH1_Avg","RH1_Max","RH1_Min","WindSpd_Avg","WindSpd_Max","WindSpd_Min","WindDir_Avg","RAIN_Tot"
"TS","RN","Deg C","Deg C","Deg C","","","","","","","",""
"","","Avg","Max","Min","Avg","Max","Min","Avg","Max","Min","Avg","Tot"
"2014-05-14 00:00:00",0,25.79,29.99,18.26,56.82,94.6,34.06,0,0,0,"NAN",67
"2014-05-15 00:00:00",1,19.01,24.67,14.55,90.4,98.9,75.25,0,0,0,"NAN",64
"2014-05-16 00:00:00",2,19.14,24.26,13.55,72.9,99.6,43.77,0,0,0,"NAN",0
"2014-05-17 00:00:00",3,21.06,26.95,13.3,69.6,95.4,41.69,0,0,0,"NAN",0
"2014-05-18 00:00:00",4,20.86,26.72,15.18,75.65,98.4,40.56,0,0,0,"NAN",50
"2014-05-19 00:00:00",5,18.7,24.04,12.24,78.88,96.7,59.27,0,0,0,"NAN",0
"2014-06-10 00:00:00",6,22.38,25.6,18.65,67.23,89.3,45.56,0,0,0,"NAN",0
"2014-06-11 00:00:00",7,18.31,20.03,16.79,97.4,100,84.4,0,0,0,"NAN",114
"2014-06-12 00:00:00",8,19.18,22.67,17.38,93.4,100,81,0,0,0,"NAN",8
"2014-06-13 00:00:00",9,20.85,26.98,14.98,84,100,57.48,0,0,0,"NAN",1
"2014-06-14 00:00:00",10,18.06,22.93,12.86,58.6,88.4,33.29,0,0,0,"NAN",0
"2014-06-15 00:00:00",11,18.04,24.18,9.5,61.62,94.6,34.8,0,0,0,"NAN",0
"2014-06-16 00:00:00",12,22.37,28.68,13.44,72,90.4,52.15,0,0,0,"NAN",0
"2014-06-17 00:00:00",13,25.27,29.86,20.4,82,98.2,63.99,0,0,0,"NAN",0
"2014-06-18 00:00:00",14,26.6,31.5,21.61,77.09,94.3,58.87,0,0,0,"NAN",0
"2014-06-19 00:00:00",15,25.74,31.54,20.62,82.4,96.7,59.6,0,0,0,"NAN",0
"2014-06-20 00:00:00",16,26.38,32.15,21.44,79.98,97.2,54.26,0,0,0,"NAN",68
"2014-06-21 00:00:00",17,24.19,29.55,19.6,85.8,99.9,60.46,0,0,0,"NAN",7
"2014-06-22 00:00:00",18,23.26,30.23,18.11,84,98.3,51.44,0,0,0,"NAN",13
"2014-06-23 00:00:00",19,23.41,29.61,16.77,85.4,100,58.12,0,0,0,"NAN",0
"2014-06-24 00:00:00",20,24.4,30.64,19.68,86.5,99.6,62.83,0,0,0,"NAN",132
"2014-06-25 00:00:00",21,22.41,26.61,18.83,92.3,99.9,73.25,0,0,0,"NAN",97
"2014-06-26 00:00:00",22,23.52,28.53,18.17,79.62,97.6,53.12,0,0,0,"NAN",0
"2014-06-27 00:00:00",23,22.91,29.43,18.56,86,100,47.14,0,0,0,"NAN",0
"2014-06-28 00:00:00",24,23.75,29.07,18.73,86.1,99.6,62.12,0,0,0,"NAN",0
"2014-06-29 00:00:00",25,24.34,28.63,20.25,87.8,99.9,69.22,0,0,0,"NAN",0
"2014-06-30 00:00:00",26,24.3,28.28,21.68,88.7,97,73,0,0,0,"NAN",0
"2014-07-01 00:00:00",27,24.71,29.97,18.98,90.5,98.9,77.61,0,0,0,"NAN",140
"2014-07-02 00:00:00",28,23.03,28.42,19.08,83.7,99.3,53.56,0,0,0,"NAN",68
"2014-07-03 00:00:00",29,18.45,21.72,15.56,86.8,98.9,69.65,0,0,0,"NAN",0
"2014-07-04 00:00:00",30,18.37,23.43,14.25,78.95,98.8,47.01,0,0,0,"NAN",0
"2014-07-05 00:00:00",31,19.36,25.09,11.37,70.73,97.8,41.57,0,0,0,"NAN",0
"2014-07-06 00:00:00",32,20.26,25.18,13.65,76.94,97.8,49.18,0,0,0,"NAN",13
"2014-07-07 00:00:00",33,23.47,28.62,17.15,85.2,96.8,73.37,0,0,0,"NAN",4
"2014-07-08 00:00:00",34,25.03,29.72,21.54,89,99.4,66.75,0,0,0,"NAN",0
"2014-07-09 00:00:00",35,22.32,26.82,17.28,83.6,99.1,54.66,0,0,0,"NAN",13
"2014-07-10 00:00:00",36,20.89,25.94,15.18,75.19,99,47.44,0,0,0,"NAN",0
"2014-07-11 00:00:00",37,19.77,25.63,14.04,74.68,95.6,43.06,0,0,0,"NAN",0
"2014-07-12 00:00:00",38,21.28,27.6,12.68,75.74,98.5,46.87,0,0,0,"NAN",0
"2014-07-13 00:00:00",39,23.53,28.5,20.06,92.7,99.7,83.3,0,0,0,"NAN",432
"2014-07-14 00:00:00",40,24.3,28.73,19.4,86.9,99.6,64.8,0,0,0,"NAN",43
"2014-07-15 00:00:00",41,21.53,28.6,15.98,84.3,99.3,58.72,0,0,0,"NAN",28
"2014-07-16 00:00:00",42,15.99,21.08,10.77,79.18,98.1,56.85,0,0,0,"NAN",0
"2014-07-17 00:00:00",43,16.99,22.9,10.96,78.1,99.7,47.05,0,0,0,"NAN",0
"2014-07-18 00:00:00",44,18.26,24.84,10.99,81.1,99.3,51.92,0,0,0,"NAN",0
"2014-07-19 00:00:00",45,19.28,24.28,14.43,81,97.8,56.26,0,0,0,"NAN",0
"2014-07-20 00:00:00",46,19,25.04,12.05,84.3,100,52.83,0,0,0,"NAN",0
"2014-07-21 00:00:00",47,19.99,25.57,12.56,84.7,100,59.53,0,0,0,"NAN",0
"2014-07-22 00:00:00",48,21.76,27.65,14.58,84,100,60.23,0,0,0,"NAN",0
"2014-07-23 00:00:00",49,23.58,29.4,15.5,85.6,100,63.6,0,0,0,"NAN",0
"2014-07-24 00:00:00",50,21.11,25.09,14.19,76.52,95.5,50.72,0,0,0,"NAN",0
"2014-07-25 00:00:00",51,18.3,24.38,12.53,77.31,96.1,50.16,0,0,0,"NAN",0
"2014-07-26 00:00:00",52,17.64,22.53,11.76,88.2,99,68.26,0,0,0,"NAN",4
"2014-07-27 00:00:00",53,22.68,28.75,18.8,90.7,100,77.75,0,0,0,"NAN",66
"2014-07-28 00:00:00",54,22.95,28.93,17.57,82.2,100,53.68,0,0,0,"NAN",58
"2014-07-29 00:00:00",55,17.85,22.43,11.42,78.22,97.3,54.02,0,0,0,"NAN",0
"2014-07-30 00:00:00",56,18.26,24.47,11.61,80.1,97.1,56.27,0,0,0,"NAN",0
"2014-07-31 00:00:00",57,19.71,26.22,13.25,82.1,99.3,52.6,0,0,0,"NAN",0
"2014-08-01 00:00:00",58,20.45,27.14,13.4,81.2,100,46.15,0,0,0,"NAN",0
"2014-08-02 00:00:00",59,20.13,26.82,15.01,86.8,98.5,56.25,0,0,0,"NAN",0
"2014-08-03 00:00:00",60,20.65,27.33,13.61,80.9,99.1,48.85,0,0,0,"NAN",0
"2014-08-04 00:00:00",61,21.67,28.48,14.17,81,99.6,50.99,0,0,0,"NAN",0
"2014-08-05 00:00:00",62,22.08,28.44,14.17,83,100,51.96,0,0,0,"NAN",0
"2014-08-06 00:00:00",63,22.67,27.55,18.47,86.1,99,66.46,0,0,0,"NAN",29
"2014-08-07 00:00:00",64,21,24.58,17.6,90.2,100,73.95,0,0,0,"NAN",0
"2014-08-08 00:00:00",65,19.94,23.16,15.85,89.9,97.7,81,0,0,0,"NAN",0
"2014-08-09 00:00:00",66,19.84,22.94,17.39,90.8,96.7,74.3,0,0,0,"NAN",2
"2014-08-10 00:00:00",67,21.6,25.7,17.97,83.1,92.3,72.95,0,0,0,"NAN",0
"2014-08-11 00:00:00",68,21.98,26.68,18.39,90.8,100,78.84,0,0,0,"NAN",0
"2014-08-12 00:00:00",69,21.95,27.37,18.14,90.1,100,65.01,0,0,0,"NAN",19
"2014-08-13 00:00:00",70,18.49,21.98,16.25,85.3,99,63.39,0,0,0,"NAN",0
"2014-08-14 00:00:00",71,19.66,26.04,11.97,78.35,99.4,47.28,0,0,0,"NAN",0
"2014-08-15 00:00:00",72,20.04,26.52,12.16,79.96,96.8,48.09,0,0,0,"NAN",0
"2014-08-16 00:00:00",73,17.26,22.82,9.36,81.1,100,48.67,0,0,0,"NAN",0
"2014-08-17 00:00:00",74,20.87,25.25,16.97,91.3,97.5,77.75,0,0,0,"NAN",0
"2014-08-18 00:00:00",75,21.53,26.69,18.51,92,99.7,75.28,0,0,0,"NAN",0
"2014-08-19 00:00:00",76,21.59,28.33,18.03,92,100,67.92,0,0,0,"NAN",0
"2014-08-20 00:00:00",77,22.78,29.15,16.71,89.8,100,71.18,0,0,0,"NAN",0
"2014-08-21 00:00:00",78,21.57,26.52,15.86,94.1,100,76.28,0,0,0,"NAN",14
"2014-08-22 00:00:00",79,25.7,31.29,20.49,89,99.2,71.26,0,0,0,"NAN",0
"2014-08-23 00:00:00",80,24.52,28.15,22.07,93.1,99.6,76.64,0,0,0,"NAN",10
"2014-08-24 00:00:00",81,23.46,30.35,20.66,96.7,100,75.21,0,0,0,"NAN",12
"2014-08-25 00:00:00",82,25.26,31.11,19.77,92.3,100,76.98,0,0,0,"NAN",0
"2014-08-26 00:00:00",83,25.49,33.02,19,88.5,100,64.19,0,0,0,"NAN",24
"2014-08-27 00:00:00",84,24.51,31.97,18.17,87.3,100,62.59,0,0,0,"NAN",0
"2014-08-28 00:00:00",85,23.42,30.17,18.67,88.5,99.7,65.93,0,0,0,"NAN",0
"2014-08-29 00:00:00",86,22.52,28.39,17.74,87.5,99.1,65.25,0,0,0,"NAN",7
"2014-08-30 00:00:00",87,24.31,30.35,20.58,89.1,99.4,63.44,0,0,0,"NAN",16
"2014-08-31 00:00:00",88,24.26,28.23,21.34,88.9,97.9,73.7,0,0,0,"NAN",0
"2014-09-01 00:00:00",89,24.17,29.14,21.19,90.3,99.5,69.83,0,0,0,"NAN",6
"2014-09-02 00:00:00",90,23.51,28.18,19.82,87.7,100,62.23,0,0,0,"NAN",22
"2014-09-03 00:00:00",91,21.72,26.53,17.47,91.7,100,69.17,0,0,0,"NAN",9
"2014-09-04 00:00:00",92,22.32,28.45,15.78,82.9,100,51.92,0,0,0,"NAN",0
"2014-09-05 00:00:00",93,24.23,31.02,17.51,87,99.3,68.23,0,0,0,"NAN",0
"2014-09-06 00:00:00",94,25.64,33.66,17.49,84.3,100,54.98,0,0,0,"NAN",53
"2014-09-07 00:00:00",95,17.95,23.38,12.2,84.7,98.2,53.84,0,0,0,"NAN",0
"2014-09-08 00:00:00",96,17.15,24.66,9.89,75.34,98,43.87,0,0,0,"NAN",0
"2014-09-09 00:00:00",97,18.04,26.09,10.3,75.78,99.3,37.46,0,0,0,"NAN",0
"2014-09-10 00:00:00",98,18.1,21.63,13.44,92.1,98.9,77.51,0,0,0,"NAN",66
"2014-09-11 00:00:00",99,21.75,25.5,17.19,94.9,100,86.7,0,0,0,"NAN",61
"2014-09-12 00:00:00",100,12.99,17.19,10.87,91.2,97,84.9,0,0,0,"NAN",0
"2014-09-13 00:00:00",101,11.94,15.67,8.15,86.7,98.3,70.35,0,0,0,"NAN",0
"2014-09-14 00:00:00",102,9.95,16.28,4.714,79.42,97.9,47.9,0,0,0,"NAN",0
"2014-09-15 00:00:00",103,12.17,20.25,4.492,76.98,99.6,41,0,0,0,"NAN",0
"2014-09-16 00:00:00",104,12.62,15.61,7.762,96.1,100,75.46,0,0,0,"NAN",54
"2014-09-17 00:00:00",105,13.82,19.74,7.682,82.5,99.9,50.38,0,0,0,"NAN",0
"2014-09-18 00:00:00",106,13.63,20.87,6.36,83.5,100,53.07,0,0,0,"NAN",0
"2014-09-19 00:00:00",107,15.47,23.13,7.682,73.28,100,32.74,0,0,0,"NAN",0
"2014-09-20 00:00:00",108,16.22,24.75,8.41,72.46,100,33.06,0,0,0,"NAN",0
"2014-09-21 00:00:00",109,19.49,28.57,10.38,88.8,99.6,60.16,0,0,0,"NAN",86
"2014-09-22 00:00:00",110,17.39,21.99,10.46,78.41,99.8,48.25,0,0,0,"NAN",0
"2014-09-23 00:00:00",111,13.41,20.62,7.854,76.42,99.6,38.93,0,0,0,"NAN",0
"2014-09-24 00:00:00",112,14.7,23.55,6.067,73.12,98.9,36.07,0,0,0,"NAN",0
"2014-09-25 00:00:00",113,16.1,24.93,7.804,72.07,99.5,31.33,0,0,0,"NAN",0
"2014-09-26 00:00:00",114,17.12,26.06,10.02,75.92,99.1,38.93,0,0,0,"NAN",0
"2014-09-27 00:00:00",115,19.23,27.95,11.59,68.13,97.3,29.6,0,0,0,"NAN",0
"2014-09-28 00:00:00",116,19.69,28.14,12.89,69.33,94.1,31.45,0,0,0,"NAN",0
"2014-09-29 00:00:00",117,19.55,28,10.78,68.53,98.6,33.02,0,0,0,"NAN",0
"2014-09-30 00:00:00",118,19.78,28.83,11.52,71.19,97.1,37.79,0,0,0,"NAN",0
"2014-10-01 00:00:00",119,15.79,22.21,10.3,81.7,99.8,57.81,0,0,0,"NAN",0
"2014-10-02 00:00:00",120,18.44,28.09,8.75,74.82,98.9,42.03,0,0,0,"NAN",0
"2014-10-03 00:00:00",121,20.04,24.09,17.97,93.8,99.7,78.9,0,0,0,"NAN",92
"2014-10-04 00:00:00",122,12.8,18.67,6.613,87.1,100,64.5,0,0,0,"NAN",39
"2014-10-05 00:00:00",123,6.388,9.92,3.108,74.17,92.8,58.52,0,0,0,"NAN",0
"2014-10-06 00:00:00",124,9.17,16.88,1.541,76.38,97.4,47.66,0,0,0,"NAN",0
"2014-10-07 00:00:00",125,12.19,19.28,5.491,78.74,98.6,43.77,0,0,0,"NAN",5
"2014-10-08 00:00:00",126,14.47,22.61,8.02,78.91,99.4,42.43,0,0,0,"NAN",2
"2014-10-09 00:00:00",127,12.26,20.58,5.219,69.31,97.3,32.98,0,0,0,"NAN",0
"2014-10-10 00:00:00",128,12.13,13.97,9,91.7,98,73.91,0,0,0,"NAN",6
"2014-10-11 00:00:00",129,10.64,13.55,7.48,70.19,96.8,48.4,0,0,0,"NAN",0
"2014-10-12 00:00:00",130,8.97,16.42,3.775,75.09,93.9,41,0,0,0,"NAN",0
"2014-10-13 00:00:00",131,10.58,15.8,3.461,91.8,100,69.74,0,0,0,"NAN",18
"2014-10-14 00:00:00",132,18.2,22.15,15.3,95.9,100,83,0,0,0,"NAN",23
"2014-10-15 00:00:00",133,14.97,17.37,12.64,93.9,100,77.02,0,0,0,"NAN",5
"2014-10-16 00:00:00",134,11.82,12.89,11.01,98.9,100,95.8,0,0,0,"NAN",13
"2014-10-17 00:00:00",135,12.43,14.97,10.22,94.9,100,85,0,0,0,"NAN",0
"2014-10-18 00:00:00",136,12.93,16.89,8.17,80.5,100,63.66,0,0,0,"NAN",0
"2014-10-19 00:00:00",137,9.89,12.04,7.642,82.6,92.4,68.77,0,0,0,"NAN",0
"2014-10-20 00:00:00",138,7.986,14.45,0.792,88,100,61.59,0,0,0,"NAN",0
"2014-10-21 00:00:00",139,13.49,21,7.328,75.6,98.1,46.07,0,0,0,"NAN",0
"2014-10-22 00:00:00",140,10.4,15.96,5.814,77.91,100,45.29,0,0,0,"NAN",0
"2014-10-23 00:00:00",141,7.942,15.5,2.016,76.3,97.4,44.51,0,0,0,"NAN",0
"2014-10-24 00:00:00",142,8.44,15.74,0.752,83.7,100,55.91,0,0,0,"NAN",3
"2014-10-25 00:00:00",143,12.9,20.71,7.268,89.1,100,57.58,0,0,0,"NAN",2
"2014-10-26 00:00:00",144,15.83,25.54,8.64,73.82,100,33.01,0,0,0,"NAN",0
"2014-10-27 00:00:00",145,14.02,21.36,5.986,46.62,76.92,18.96,0,0,0,"NAN",0
"2014-10-28 00:00:00",146,19.6,24.82,12.38,66.82,97.7,42.16,0,0,0,"NAN",0
"2014-10-29 00:00:00",147,13.28,19.51,3.684,72.68,98.5,42.83,0,0,0,"NAN",37
"2014-10-30 00:00:00",148,5.779,11.31,0.398,79,96.7,56.23,0,0,0,"NAN",0
"2014-10-31 00:00:00",149,6.051,13.64,-1.515,86.9,99.6,51.36,0,0,0,"NAN",6
"2014-11-01 00:00:00",150,4.438,7.52,0.985,70.09,97.6,52.44,0,0,0,"NAN",0
"2014-11-02 00:00:00",151,2.608,9.03,-3.864,68.36,95.8,40.98,0,0,0,"NAN",0
"2014-11-03 00:00:00",152,4.071,12.42,-5.689,67.83,98,32.58,0,0,0,"NAN",0
"2014-11-04 00:00:00",153,11.61,19.6,4.452,52.36,70.61,35.38,0,0,0,"NAN",0
"2014-11-05 00:00:00",154,8.91,12.96,4.724,88.8,99.8,52.51,0,0,0,"NAN",41
"2014-11-06 00:00:00",155,8.05,16.1,2.764,85.9,100,42.39,0,0,0,"NAN",0
"2014-11-07 00:00:00",156,6.338,9.17,2.612,80.2,97,62.65,0,0,0,"NAN",0
"2014-11-08 00:00:00",157,3.669,8.47,-2.426,76.98,94.4,58.09,0,0,0,"NAN",0
"2014-11-09 00:00:00",158,4.775,8.86,-0.786,80,92.2,59.39,0,0,0,"NAN",0
"2014-11-10 00:00:00",159,4.091,12.78,-2.982,79.73,96.4,47.55,0,0,0,"NAN",0
"2014-11-11 00:00:00",160,10.29,17.68,4.149,76.64,95.4,50.71,0,0,0,"NAN",0
"2014-11-12 00:00:00",161,4.333,10.67,0.732,87.6,96.7,74.91,0,0,0,"NAN",7
"2014-11-13 00:00:00",162,-2.064,0.772,-5.162,75,84.1,65.9,0,0,0,"NAN",0
"2014-11-14 00:00:00",163,-4.392,-1.494,-8.58,80.1,95.6,59.72,0,0,0,"NAN",0
"2014-11-15 00:00:00",164,-5.556,-1.14,-9.16,80.8,95.8,58.22,0,0,0,"NAN",0
"2014-11-16 00:00:00",165,-3.505,2.896,-10.52,79.63,95.5,50.51,0,0,0,"NAN",0
"2014-11-17 00:00:00",166,-1.274,1.137,-4.108,94.5,99.1,77.97,0,0,0,"NAN",0
"2014-11-18 00:00:00",167,-7.402,-4.108,-11.01,77.71,89.9,59.73,0,0,0,"NAN",0
"2014-11-19 00:00:00",168,-10.31,-6.988,-13.63,79.41,89.6,65.13,0,0,0,"NAN",0
"2014-11-20 00:00:00",169,-3.062,2.713,-10.26,75.9,87.7,65.36,0,0,0,"NAN",0
"2014-11-21 00:00:00",170,-4.52,0.297,-8.87,68.78,88.6,47.85,0,0,0,"NAN",0
"2014-11-22 00:00:00",171,-3.564,2.268,-12.79,61.94,88.3,38.34,0,0,0,"NAN",0
"2014-11-23 00:00:00",172,7.808,13.95,1.156,87.7,98.7,71.29,0,0,0,"NAN",0
"2014-11-24 00:00:00",173,9.94,12.36,7.782,94.7,100,85.7,0,0,0,"NAN",0
"2014-11-25 00:00:00",174,3.579,11.39,-0.026,91.7,100,80.4,0,0,0,"NAN",0
"2014-11-26 00:00:00",175,-2.446,0.044,-4.614,86.3,94.3,80.2,0,0,0,"NAN",0
"2014-11-27 00:00:00",176,-3.442,-1.15,-6.562,92.2,96.6,84.6,0,0,0,"NAN",0
"2014-11-28 00:00:00",177,-4.723,-1.758,-11.64,88.5,94.9,77.59,0,0,0,"NAN",0
"2014-11-29 00:00:00",178,-1.977,3.542,-10.5,87.5,94.5,79.19,0,0,0,"NAN",0
"2014-11-30 00:00:00",179,6.925,11.78,0.61,90.2,100,80.7,0,0,0,"NAN",0
"2014-12-01 00:00:00",180,8.92,18.48,-0.422,93.2,100,79.14,0,0,0,"NAN",0
"2014-12-02 00:00:00",181,-3.294,-0.148,-5.932,70.31,89.6,40.76,0,0,0,"NAN",0
"2014-12-03 00:00:00",182,-1.589,0.6,-4.534,88.7,96.5,83.7,0,0,0,"NAN",0
"2014-12-04 00:00:00",183,-0.105,5.138,-3.592,82.1,98.6,53.16,0,0,0,"NAN",0
"2014-12-05 00:00:00",184,-0.884,0.813,-4.087,91.6,100,71.96,0,0,0,"NAN",0
"2014-12-06 00:00:00",185,2.759,4.532,0.722,100,100,100,0,0,0,"NAN",0
"2014-12-07 00:00:00",186,2.186,4.33,-1.94,93.6,100,82.7,0,0,0,"NAN",0
"2014-12-08 00:00:00",187,-0.497,2.32,-3.51,93.3,98,85.3,0,0,0,"NAN",0
"2014-12-09 00:00:00",188,2.166,4.532,-0.098,97.4,100,89.7,0,0,0,"NAN",0
"2014-12-10 00:00:00",189,1.326,3.784,-0.3,94.8,99.6,85.2,0,0,0,"NAN",0
"2014-12-11 00:00:00",190,0.838,1.935,-0.057,84.6,91.3,79.16,0,0,0,"NAN",0
"2014-12-12 00:00:00",191,-1.573,0.185,-5.578,87.1,98.5,80.8,0,0,0,"NAN",0
"2014-12-13 00:00:00",192,-0.202,2.966,-6.298,95.9,100,90.8,0,0,0,"NAN",0
"2014-12-14 00:00:00",193,5.489,10.15,0.518,94.3,99.3,82.2,0,0,0,"NAN",0
"2014-12-15 00:00:00",194,7.372,8.83,6.34,99.4,100,97.4,0,0,0,"NAN",0
"2014-12-16 00:00:00",195,6.848,7.703,5.764,100,100,100,0,0,0,"NAN",0
"2014-12-17 00:00:00",196,2.595,7.772,-2.8,96.4,100,90.9,0,0,0,"NAN",0
"2014-12-18 00:00:00",197,-4.31,-2.71,-5.628,88.5,92.5,81.4,0,0,0,"NAN",0
"2014-12-19 00:00:00",198,-3.136,-1.828,-5.608,88.2,96,81.4,0,0,0,"NAN",0
"2014-12-20 00:00:00",199,-3.324,1.5,-7.89,89.7,98.6,73.41,0,0,0,"NAN",0
"2014-12-21 00:00:00",200,-1.344,1.217,-4.392,93.3,100,80.1,0,0,0,"NAN",0
"2014-12-22 00:00:00",201,0.639,3.936,-1.018,90.8,96.2,78.69,0,0,0,"NAN",0
"2014-12-23 00:00:00",202,3.657,8.55,-1.009,97.7,100,92.1,0,0,0,"NAN",0
"2014-12-24 00:00:00",203,7.359,9.37,4.008,96.5,100,84.3,0,0,0,"NAN",0
"2014-12-25 00:00:00",204,3.317,6.259,1.722,98.3,100,95,0,0,0,"NAN",0
"2014-12-26 00:00:00",205,3.368,7.5,1.014,89.8,97,77.87,0,0,0,"NAN",0
"2014-12-27 00:00:00",206,5.826,11.68,0.884,92.3,98.7,77.3,0,0,0,"NAN",0
"2014-12-28 00:00:00",207,5.012,9.03,-0.948,97.1,100,88.6,0,0,0,"NAN",0
"2014-12-29 00:00:00",208,-2.238,0.012,-5.314,84.3,96.5,63.04,0,0,0,"NAN",0
"2014-12-30 00:00:00",209,-2.081,2.896,-6.492,84.5,96.9,62.55,0,0,0,"NAN",0
"2014-12-31 00:00:00",210,-6.194,-2.771,-10.2,74.33,93.7,49.97,0,0,0,"NAN",0
"2015-01-01 00:00:00",211,-9.03,-5.101,-13.1,68.91,82.8,49.49,0,0,0,"NAN",0
"2015-01-02 00:00:00",212,-4.537,0.408,-8.66,74.77,89.5,51.53,0,0,0,"NAN",0
"2015-01-03 00:00:00",213,-0.958,3.562,-6.287,83.1,98.2,58.97,0,0,0,"NAN",0
"2015-01-04 00:00:00",214,2.172,4.594,0.792,99.9,100,98.2,0,0,0,"NAN",0
"2015-01-05 00:00:00",215,-4.319,1.591,-12.43,92.8,100,77.09,0,0,0,"NAN",0
"2015-01-06 00:00:00",216,-12.69,-9.98,-16.46,80.4,94.2,70.26,0,0,0,"NAN",0
"2015-01-07 00:00:00",217,-11.04,-10.02,-12.93,87.7,94.4,77.18,0,0,0,"NAN",0
"2015-01-08 00:00:00",218,-16.41,-10.24,-21.17,75.91,90.4,66.6,0,0,0,"NAN",0
"2015-01-09 00:00:00",219,-13.82,-4.23,-21.76,78.14,86.1,64.3,0,0,0,"NAN",0
"2015-01-10 00:00:00",220,-13.59,-8.47,-18.21,77.43,89.1,66.69,0,0,0,"NAN",0
"2015-01-11 00:00:00",221,-10.44,-4.077,-20.23,75.98,89,60.33,0,0,0,"NAN",0
"2015-01-12 00:00:00",222,-1.182,0.55,-4.534,85,100,69.04,0,0,0,"NAN",0
"2015-01-13 00:00:00",223,-5.008,0.428,-11.23,90.9,100,79.02,0,0,0,"NAN",0
"2015-01-14 00:00:00",224,-12.12,-8.65,-16.62,88.6,92.9,85,0,0,0,"NAN",0
"2015-01-15 00:00:00",225,-11.91,-6.937,-19.66,89.3,96.2,80.8,0,0,0,"NAN",0
"2015-01-16 00:00:00",226,-4.235,2.936,-12.74,87.8,96.4,72.06,0,0,0,"NAN",0
"2015-01-17 00:00:00",227,-1.306,3.299,-7.334,93.9,98.8,83.8,0,0,0,"NAN",0
"2015-01-18 00:00:00",228,3.352,8.53,-0.229,89.4,96,76.48,0,0,0,"NAN",0
"2015-01-19 00:00:00",229,2.376,6.562,-1.596,89.6,98.5,74.47,0,0,0,"NAN",0
"2015-01-20 00:00:00",230,1.899,7.338,-3.216,91.6,99.2,72.68,0,0,0,"NAN",0
"2015-01-21 00:00:00",231,2.343,6.753,-0.674,94.5,99.7,84,0,0,0,"NAN",0
"2015-01-22 00:00:00",232,1.187,2.804,-1.656,95.3,100,86.7,0,0,0,"NAN",0
"2015-01-23 00:00:00",233,0.928,2.986,-0.138,90.4,100,73.18,0,0,0,"NAN",0
"2015-01-24 00:00:00",234,-0.707,0.469,-3.703,89.6,98.2,78.41,0,0,0,"NAN",0
"2015-01-25 00:00:00",235,1.508,7.38,-2.912,91.5,97.8,77.32,0,0,0,"NAN",0
"2015-01-26 00:00:00",236,0.82,3.218,-2.426,96.1,99.9,89,0,0,0,"NAN",0
"2015-01-27 00:00:00",237,-2.707,-1.322,-4.199,92,100,82.6,0,0,0,"NAN",0
"2015-01-28 00:00:00",238,-1.864,-0.422,-6.846,95.3,100,85.6,0,0,0,"NAN",0
"2015-01-29 00:00:00",239,-1.555,2.532,-7.048,84.4,98.2,73.61,0,0,0,"NAN",0
"2015-01-30 00:00:00",240,2.231,5.361,0.852,88,95,76.98,0,0,0,"NAN",0
"2015-01-31 00:00:00",241,-1.773,1.147,-5.203,75.68,94.7,54.23,0,0,0,"NAN",0
"2015-02-01 00:00:00",242,-0.438,4.17,-5.446,90,100,71.46,0,0,0,"NAN",0
"2015-02-02 00:00:00",243,-0.473,1.42,-8.39,98.5,100,90.1,0,0,0,"NAN",0
"2015-02-03 00:00:00",244,-9.81,-7.636,-11.84,85,92.4,76.4,0,0,0,"NAN",0
"2015-02-04 00:00:00",245,-2.747,2.288,-10.06,86.7,95,72.29,0,0,0,"NAN",0
"2015-02-05 00:00:00",246,-3.854,1.258,-11.66,89.4,97.9,76.09,0,0,0,"NAN",0
"2015-02-06 00:00:00",247,-12.2,-7.354,-16.65,77.87,92.4,52.92,0,0,0,"NAN",0
"2015-02-07 00:00:00",248,-3.054,1.824,-11.64,83.5,94.2,65.38,0,0,0,"NAN",0
"2015-02-08 00:00:00",249,3.903,10.34,-1.898,90.3,98,77.35,0,0,0,"NAN",0
"2015-02-09 00:00:00",250,5.791,12.32,0.246,92.6,99.9,78.52,0,0,0,"NAN",0
"2015-02-10 00:00:00",251,-1.626,0.286,-2.568,93.9,100,87.5,0,0,0,"NAN",0
"2015-02-10 00:00:00",251,-1.626,0.286,-2.568,93.9,100,87.5,0,0,0,"NAN",0
"2015-02-11 00:00:00",252,-1.019,2.33,-3.52,80.3,91.3,62.87,0,0,0,"NAN",0
"2015-02-12 00:00:00",253,-0.492,2.278,-5.75,85.3,94.7,75.18,0,0,0,"NAN",0
"2015-02-13 00:00:00",254,-9.18,-5.74,-12.13,73.14,85.6,57.56,0,0,0,"NAN",0
"2015-02-14 00:00:00",255,-6.334,-1.322,-14,76.28,90.7,60.63,0,0,0,"NAN",0
"2015-02-15 00:00:00",256,-7.562,-1.535,-15.16,63.7,88,41.49,0,0,0,"NAN",0
"2015-02-16 00:00:00",257,-11.37,-7.15,-16.2,59.14,69.82,46.38,0,0,0,"NAN",0
"2015-02-17 00:00:00",258,-9.7,-5.913,-13.8,65.59,85.3,45.57,0,0,0,"NAN",0
"2015-02-18 00:00:00",259,-6.447,-0.999,-14.41,68.63,87.3,40.64,0,0,0,"NAN",0
"2015-02-19 00:00:00",260,-13.03,-7.658,-16.97,74.06,90.7,59.61,0,0,0,"NAN",0
"2015-02-20 00:00:00",261,-16.38,-12.23,-19.52,64.38,80.5,48.19,0,0,0,"NAN",0
"2015-02-21 00:00:00",262,-11.78,-6.745,-18.87,70.92,93.9,55.74,0,0,0,"NAN",0
"2015-02-22 00:00:00",263,-3.958,-0.624,-7.658,91.5,95.8,80.8,0,0,0,"NAN",0
"2015-02-23 00:00:00",264,-6.831,-1.16,-13.67,75.55,89.6,59.27,0,0,0,"NAN",0
"2015-02-24 00:00:00",265,-15.16,-9.18,-20.84,70.92,86,41.49,0,0,0,"NAN",0
"2015-02-25 00:00:00",266,-12.1,-1.798,-26.79,81.6,91.5,69.27,0,0,0,"NAN",0
"2015-02-26 00:00:00",267,-4.731,-0.38,-12.73,78.23,96,55.77,0,0,0,"NAN",0
"2015-02-27 00:00:00",268,-7.74,-4.352,-11.96,84.3,96.1,71.24,0,0,0,"NAN",0
"2015-02-28 00:00:00",269,-14.29,-9.93,-22.13,76.23,88.9,62.26,0,0,0,"NAN",0
"2015-03-01 00:00:00",270,-8.97,-4.442,-15.73,80.9,96.4,60.51,0,0,0,"NAN",0
"2015-03-02 00:00:00",271,-5.508,-2.648,-9.96,93.4,97.1,85.7,0,0,0,"NAN",0
"2015-03-03 00:00:00",272,-6.323,-2.832,-11.84,85.5,95.3,74.14,0,0,0,"NAN",0
"2015-03-04 00:00:00",273,0.316,2.794,-3.784,94.6,100,81.1,0,0,0,"NAN",0
"2015-03-05 00:00:00",274,-6.336,1.096,-9.26,76.44,90.7,64.29,0,0,0,"NAN",0
"2015-03-06 00:00:00",275,-12.22,-9.18,-20.15,72.61,91.7,60.8,0,0,0,"NAN",0
"2015-03-07 00:00:00",276,-11.83,-3.682,-24.44,84.1,93.7,70.74,0,0,0,"NAN",0
"2015-03-08 00:00:00",277,1.251,3.987,-5.526,84.9,94.3,77.35,0,0,0,"NAN",0
"2015-03-09 00:00:00",278,1.69,5.754,-3.642,88.4,97.6,74.05,0,0,0,"NAN",0
"2015-03-10 00:00:00",279,3.088,7.37,-0.684,94.8,100,85.4,0,0,0,"NAN",0
"2015-03-11 00:00:00",280,5.37,10.55,0.631,98.6,100,90.8,0,0,0,"NAN",0
"2015-03-12 00:00:00",281,6.915,17.75,-0.432,90.3,100,57.58,0,0,0,"NAN",0
"2015-03-13 00:00:00",282,6.614,14.37,-0.108,77.84,100,52.94,0,0,0,"NAN",0
"2015-03-14 00:00:00",283,6.705,8.77,3.927,94.6,100,75.98,0,0,0,"NAN",0
"2015-03-15 00:00:00",284,9.46,14.91,5.18,79.6,100,47.28,0,0,0,"NAN",0
"2015-03-16 00:00:00",285,9.69,17.67,1.248,75.47,96.7,45.7,0,0,0,"NAN",0
"2015-03-17 00:00:00",286,14.2,23.29,5.159,74.16,91.9,45.66,0,0,0,"NAN",0
"2015-03-18 00:00:00",287,5.474,12.49,-0.159,63.07,93.7,35.8,0,0,0,"NAN",0
"2015-03-19 00:00:00",288,3.194,7.157,-2.102,59.74,86.8,33.37,0,0,0,"NAN",0
"2015-03-20 00:00:00",289,5.379,9.81,2.026,69.38,97.1,43.58,0,0,0,"NAN",0
"2015-03-21 00:00:00",290,5.435,8.79,1.954,91.4,98.9,75.94,0,0,0,"NAN",0
"2015-03-22 00:00:00",291,8.13,16.23,0.631,77.18,100,47.96,0,0,0,"NAN",0
"2015-03-23 00:00:00",292,4.982,11.54,0.428,66.33,94.3,39.11,0,0,0,"NAN",0
"2015-03-24 00:00:00",293,0.536,3.208,-1.22,82.6,94.9,60.62,0,0,0,"NAN",5
"2015-03-25 00:00:00",294,2.001,6.189,-2.781,86.1,98.8,74.15,0,0,0,"NAN",13
"2015-03-26 00:00:00",295,6.956,8.87,4.927,95,99.5,85.6,0,0,0,"NAN",18
"2015-03-27 00:00:00",296,3.903,9.16,0.226,78.15,97.8,51.46,0,0,0,"NAN",24
"2015-03-28 00:00:00",297,-0.72,2.956,-6.034,71.72,89.2,37.48,0,0,0,"NAN",0
"2015-03-29 00:00:00",298,-1.4,4.088,-7.474,63.9,93.5,35.6,0,0,0,"NAN",0
"2015-03-30 00:00:00",299,3.709,9.17,-3.46,77.36,94.4,54.44,0,0,0,"NAN",3
"2015-03-31 00:00:00",300,9.52,18.48,1.338,64.51,99.3,28.04,0,0,0,"NAN",0
"2015-04-01 00:00:00",301,11.74,18.83,5.764,60.47,81.8,34.93,0,0,0,"NAN",0
"2015-04-02 00:00:00",302,13.42,22.42,3.159,59.72,91.7,29.71,0,0,0,"NAN",0
"2015-04-03 00:00:00",303,15.88,23.23,11.35,73.54,90.4,53.38,0,0,0,"NAN",0
"2015-04-04 00:00:00",304,9.7,14.73,2.148,70.18,92.8,43.58,0,0,0,"NAN",5
"2015-04-05 00:00:00",305,6.359,15.34,-3.48,58.85,93.6,22.16,0,0,0,"NAN",0
"2015-04-06 00:00:00",306,9.82,19.06,-0.34,53.58,85.5,18.17,0,0,0,"NAN",0
"2015-04-07 00:00:00",307,12.82,17.11,9.03,76.71,100,57.24,0,0,0,"NAN",2
"2015-04-08 00:00:00",308,15.29,17.95,12.93,99.6,100,96.1,0,0,0,"NAN",0
"2015-04-09 00:00:00",309,18.74,24.2,13.39,89.5,99.8,66.36,0,0,0,"NAN",36
"2015-04-10 00:00:00",310,19.24,25.26,10.83,86.6,99.4,64.46,0,0,0,"NAN",114
"2015-04-11 00:00:00",311,11.04,18.86,5.39,64.67,87.4,37.06,0,0,0,"NAN",0
"2015-04-12 00:00:00",312,9.75,16.92,0.964,63.65,95.8,28.73,0,0,0,"NAN",0
"2015-04-13 00:00:00",313,13.44,19.28,5.562,59.18,81.9,37.69,0,0,0,"NAN",0
"2015-04-14 00:00:00",314,15.46,20.27,11.01,64.6,96.6,31.55,0,0,0,"NAN",5
"2015-04-15 00:00:00",315,13.38,19.52,9.12,47.28,65.94,25.66,0,0,0,"NAN",0
"2015-04-16 00:00:00",316,14.63,21.44,6.572,50.29,87.1,20.86,0,0,0,"NAN",0
"2015-04-17 00:00:00",317,14.34,19.97,10.87,92.2,100,68.49,0,0,0,"NAN",0
"2015-04-18 00:00:00",318,17.04,24.86,9.16,73.36,100,40.12,0,0,0,"NAN",0
"2015-04-19 00:00:00",319,19.44,26.7,11.51,58.01,91.5,31.48,0,0,0,"NAN",0
"2015-04-20 00:00:00",320,13.62,15.8,12.52,90.5,100,69.08,0,0,0,"NAN",45
"2015-04-21 00:00:00",321,9.53,14.03,5.442,83,100,59.65,0,0,0,"NAN",0
"2015-04-22 00:00:00",322,10.22,16.73,2.814,54.7,89.3,22.66,0,0,0,"NAN",0
"2015-04-23 00:00:00",323,6.151,12.22,1.076,61.44,94,22.82,0,0,0,"NAN",6
"2015-04-24 00:00:00",324,7.473,14.55,-1.079,42.75,80.2,17.84,0,0,0,"NAN",0
"2015-04-25 00:00:00",325,10.77,16.29,0.327,45.01,75.7,19.01,0,0,0,"NAN",0
"2015-04-26 00:00:00",326,9.29,11.96,6.774,91.2,99.2,64.96,0,0,0,"NAN",72
"2015-04-27 00:00:00",327,8.8,15.18,3.755,67.92,94.7,40.73,0,0,0,"NAN",0
"2015-04-28 00:00:00",328,9.67,16.33,4.28,61.87,82.7,43.03,0,0,0,"NAN",0
"2015-04-29 00:00:00",329,11.11,19.14,3.078,63.54,90.8,34.26,0,0,0,"NAN",0
"2015-04-30 00:00:00",330,13.1,21.29,5.18,60.35,91.3,30.96,0,0,0,"NAN",0
"2015-05-01 00:00:00",331,9.83,14.33,3.886,66.16,93.6,37.22,0,0,0,"NAN",0
"2015-05-02 00:00:00",332,13.5,20.9,3.632,56.36,88.3,32.95,0,0,0,"NAN",0
"2015-05-03 00:00:00",333,17.39,24.66,10.38,47.63,82.2,23.69,0,0,0,"NAN",0
"2015-05-04 00:00:00",334,20.6,28.8,12.32,47.98,79.2,23.59,0,0,0,"NAN",0
"2015-05-05 00:00:00",335,19.47,26.99,14.76,78.2,94.2,46.7,0,0,0,"NAN",17
"2015-05-06 00:00:00",336,22.44,30.19,15.88,64.94,94.8,29.66,0,0,0,"NAN",0
"2015-05-07 00:00:00",337,23.29,30.82,15.59,55.73,96.3,26.75,0,0,0,"NAN",0
"2015-05-08 00:00:00",338,23.34,30.45,14.96,56.1,88.1,29.34,0,0,0,"NAN",0
"2015-05-09 00:00:00",339,21.18,28.38,17.93,84,99.6,48.54,0,0,0,"NAN",50
"2015-05-10 00:00:00",340,19.95,24.03,17.27,91.1,100,68.02,0,0,0,"NAN",5
"2015-05-11 00:00:00",341,21.44,27.42,17.07,87.5,100,60.37,0,0,0,"NAN",34
"2015-05-12 00:00:00",342,17.63,22.37,11.07,87.4,99.7,62.29,0,0,0,"NAN",39
"2015-05-13 00:00:00",343,12.39,16.73,8.44,71.43,88.9,51.29,0,0,0,"NAN",0
"2015-05-14 00:00:00",344,12.3,18.53,5.562,68.3,88.5,45.11,0,0,0,"NAN",0
"2015-05-15 00:00:00",345,15.07,20.96,8.65,76.21,93.5,50.2,0,0,0,"NAN",27
"2015-05-16 00:00:00",346,20.65,28.9,15.5,84.9,98,58.41,0,0,0,"NAN",22
"2015-05-17 00:00:00",347,20.75,26.56,17.86,92.3,99.5,67.69,0,0,0,"NAN",55
"2015-05-18 00:00:00",348,22.83,27.9,18.96,86,99.2,64.35,0,0,0,"NAN",0
"2015-05-19 00:00:00",349,21.43,28.98,11.12,73.43,100,47.76,0,0,0,"NAN",0
"2015-05-20 00:00:00",350,11.31,16.91,6.43,67.85,85,50.12,0,0,0,"NAN",0
"2015-05-21 00:00:00",351,8.1,10.02,6.714,78.21,92.5,61.01,0,0,0,"NAN",5
"2015-05-22 00:00:00",352,12.26,19.04,6.753,67.22,94.2,37.87,0,0,0,"NAN",0
"2015-05-23 00:00:00",353,17.91,25.38,9.03,56.25,91.1,26.22,0,0,0,"NAN",0
"2015-05-24 00:00:00",354,20.85,26.58,13.63,50.52,78.47,28.06,0,0,0,"NAN",0
"2015-05-25 00:00:00",355,23.67,29.34,17.14,60.5,87.1,49.37,0,0,0,"NAN",0
"2015-05-26 00:00:00",356,23.15,28.44,19.34,75.56,96,43.63,0,0,0,"NAN",0
"2015-05-27 00:00:00",357,21.09,25.92,18.38,86.6,98.6,61.59,0,0,0,"NAN",21
"2015-05-28 00:00:00",358,21.37,26.97,16.54,75.41,95.4,48.5,0,0,0,"NAN",0
"2015-05-29 00:00:00",359,22.45,29.45,13,63.71,94.1,30.28,0,0,0,"NAN",0
"2015-05-30 00:00:00",360,23.72,29.55,19.56,77.31,95.2,50.74,0,0,0,"NAN",0
"2015-05-31 00:00:00",361,18.14,24.36,9.94,96,99.6,85.8,0,0,0,"NAN",193
"2015-06-01 00:00:00",362,11.31,14.13,9.21,95.6,99.7,87.9,0,0,0,"NAN",6
"2015-06-02 00:00:00",363,14.57,19.76,10.95,88.4,99.3,67.32,0,0,0,"NAN",0
"2015-06-03 00:00:00",364,16.35,22.3,10.22,79.11,99,55.77,0,0,0,"NAN",0
"2015-06-04 00:00:00",365,18.24,24.9,11.11,78.47,98.9,51.78,0,0,0,"NAN",0
"2015-06-05 00:00:00",366,20.69,27.66,12.97,82,99.1,59.41,0,0,0,"NAN",0
"2015-06-06 00:00:00",367,21.5,29.24,13.09,81,100,50.8,0,0,0,"NAN",0
"2015-06-07 00:00:00",368,19.24,25.57,12.37,77.96,98,53.44,0,0,0,"NAN",0
"2015-06-08 00:00:00",369,23.21,31.3,16.32,81,99.4,57.32,0,0,0,"NAN",129
"2015-06-09 00:00:00",370,21.75,27.36,17.67,85.9,99.7,57.42,0,0,0,"NAN",62
"2015-06-10 00:00:00",371,23.04,29.37,15.74,77.46,100,42.44,0,0,0,"NAN",0
"2015-06-11 00:00:00",372,25.35,31.83,18.04,75.2,96.5,51.82,0,0,0,"NAN",0
"2015-06-12 00:00:00",373,26.06,31.12,19.8,75.09,92.2,51.34,0,0,0,"NAN",0
"2015-06-13 00:00:00",374,24.55,30.31,20.21,88,99,71.94,0,0,0,"NAN",124
"2015-06-14 00:00:00",375,24.87,29.92,20.44,87.4,98.9,70.3,0,0,0,"NAN",24
"2015-06-15 00:00:00",376,24.12,28.23,21.59,91.6,99.5,75.77,0,0,0,"NAN",4
"2015-06-16 00:00:00",377,24.72,30,20.92,90.6,100,69.84,0,0,0,"NAN",62
"2015-06-17 00:00:00",378,22.46,26.71,17.9,85.1,99.8,67.69,0,0,0,"NAN",0
"2015-06-18 00:00:00",379,21.39,25.07,17.24,92.9,100,85.4,0,0,0,"NAN",0
"2015-06-19 00:00:00",380,22.79,28.5,19.16,92,100,69.57,0,0,0,"NAN",38
"2015-06-20 00:00:00",381,20.43,23.31,17.4,96.5,100,89.2,0,0,0,"NAN",4
"2015-06-21 00:00:00",382,22.67,27.41,19.2,90,100,72.13,0,0,0,"NAN",12
"2015-06-22 00:00:00",383,23.16,27.88,19.38,90.4,100,73.88,0,0,0,"NAN",7
"2015-06-23 00:00:00",384,25.93,29.93,20.87,87.9,98.7,76.01,0,0,0,"NAN",0
"2015-06-24 00:00:00",385,23.41,26.93,17.57,74.49,94.4,47.26,0,0,0,"NAN",0
"2015-06-25 00:00:00",386,19.97,23.52,16.35,91.4,98.7,69.6,0,0,0,"NAN",3
"2015-06-26 00:00:00",387,22.69,27.13,18.71,88.6,100,62.91,0,0,0,"NAN",268
"2015-06-27 00:00:00",388,20.06,21.7,17.85,98.3,100,93.9,0,0,0,"NAN",131
"2015-06-28 00:00:00",389,19.18,24.07,13.48,78.49,97.9,44.97,0,0,0,"NAN",0
"2015-06-29 00:00:00",390,19.53,25.38,12.7,85.3,99.5,60.43,0,0,0,"NAN",19
"2015-06-30 00:00:00",391,20.81,25.63,17.76,88.8,100,66.81,0,0,0,"NAN",0
"2015-07-01 00:00:00",392,22.05,27.22,17.27,84.5,100,61.91,0,0,0,"NAN",0
"2015-07-02 00:00:00",393,19.54,23.98,15.38,90.5,99.7,78.38,0,0,0,"NAN",0
"2015-07-03 00:00:00",394,19.2,24.3,14.32,81.5,93.7,64.86,0,0,0,"NAN",0
"2015-07-04 00:00:00",395,20,24.47,15.27,85.5,98.2,68.28,0,0,0,"NAN",0
"2015-07-05 00:00:00",396,20.46,25.98,13.6,82.5,99.5,55.88,0,0,0,"NAN",0
"2015-07-06 00:00:00",397,21.65,27.59,14.51,83.8,98.9,59.12,0,0,0,"NAN",0
"2015-07-07 00:00:00",398,23.59,30.59,15.42,88.5,100,70.81,0,0,0,"NAN",0
"2015-07-08 00:00:00",399,19.38,23.84,12.8,90.9,100,66.02,0,0,0,"NAN",86
"2015-07-09 00:00:00",400,15.13,22,12.62,95.2,100,87.8,0,0,0,"NAN",89
"2015-07-10 00:00:00",401,18.15,20.2,16.15,97.9,100,91.3,0,0,0,"NAN",1
"2015-07-11 00:00:00",402,19.73,24.82,16,90.5,100,64.96,0,0,0,"NAN",0
"2015-07-12 00:00:00",403,21.34,25.86,15.27,93.7,99.8,78.02,0,0,0,"NAN",18
"2015-07-13 00:00:00",404,24.97,29.84,21.05,91,99.7,74.08,0,0,0,"NAN",0
"2015-07-14 00:00:00",405,26.37,32.82,21.76,91,100,76.81,0,0,0,"NAN",0
"2015-07-15 00:00:00",406,24.71,29.84,17.32,81.4,99.9,58.46,0,0,0,"NAN",0
"2015-07-16 00:00:00",407,20.35,26.41,14.97,87.5,99.5,67.42,0,0,0,"NAN",0
"2015-07-17 00:00:00",408,22.73,27.68,17.85,87.9,99.9,70.54,0,0,0,"NAN",0
"2015-07-18 00:00:00",409,27.19,32.29,21.54,87.8,99.3,74.16,0,0,0,"NAN",0
"2015-07-19 00:00:00",410,26.93,32.61,21.06,89.6,100,72.02,0,0,0,"NAN",0
"2015-07-20 00:00:00",411,24.55,28.58,19.99,90,100,72.67,0,0,0,"NAN",0
"2015-07-21 00:00:00",412,23.16,28.97,18.82,92.1,100,74.41,0,0,0,"NAN",32
"2015-07-22 00:00:00",413,22.29,27.21,16.78,78.88,100,52.72,0,0,0,"NAN",0
"2015-07-23 00:00:00",414,20.81,26.97,13.65,77.95,99.4,47.1,0,0,0,"NAN",0
"2015-07-24 00:00:00",415,21.8,27.73,15.11,78.33,98.9,49.75,0,0,0,"NAN",0
"2015-07-25 00:00:00",416,22.39,28.64,15.32,82.7,99.6,54.43,0,0,0,"NAN",0
"2015-07-26 00:00:00",417,23.62,30.2,17.72,90.4,99.9,72.52,0,0,0,"NAN",1
"2015-07-27 00:00:00",418,24.4,29.19,20.03,93.3,100,75.03,0,0,0,"NAN",0
"2015-07-28 00:00:00",419,23.75,28.94,19.2,92.4,100,69.32,0,0,0,"NAN",0
"2015-07-29 00:00:00",420,24.85,32.32,20.98,93.1,100,65.75,0,0,0,"NAN",19
"2015-07-30 00:00:00",421,24.47,29.69,19.2,82.4,100,49.22,0,0,0,"NAN",31
"2015-07-31 00:00:00",422,23.36,29.18,16.23,74.71,96.2,44.24,0,0,0,"NAN",0
"2015-08-01 00:00:00",423,23.81,29.93,17.74,75.2,98,36.11,0,0,0,"NAN",0
"2015-08-02 00:00:00",424,22.83,28.53,16.05,71.34,95.8,37.85,0,0,0,"NAN",0
"2015-08-03 00:00:00",425,24.26,31.06,15.03,83.1,99.6,58.23,0,0,0,"NAN",0
"2015-08-04 00:00:00",426,23.84,28.74,16.03,79.36,98.6,56.56,0,0,0,"NAN",0
"2015-08-05 00:00:00",427,20.92,26.75,13.07,78.6,99.6,44.72,0,0,0,"NAN",0
"2015-08-06 00:00:00",428,22.13,27.53,15.57,77.39,98.7,54.2,0,0,0,"NAN",0
"2015-08-07 00:00:00",429,20.88,26.64,14.34,86.6,99.1,65.24,0,0,0,"NAN",7
"2015-08-08 00:00:00",430,20.21,26.62,13.27,81.3,100,49.79,0,0,0,"NAN",0
"2015-08-09 00:00:00",431,22.97,29.57,15.8,87.2,99.6,63.52,0,0,0,"NAN",0
"2015-08-10 00:00:00",432,23.07,27.06,19.46,95.1,100,78.54,0,0,0,"NAN",53
"2015-08-11 00:00:00",433,24.37,28.96,19.97,89.9,100,64.92,0,0,0,"NAN",3
"2015-08-12 00:00:00",434,22.9,28.01,16.24,79.27,99.2,54.09,0,0,0,"NAN",0
"2015-08-13 00:00:00",435,20.84,27.94,13.77,78.94,98.9,48.55,0,0,0,"NAN",0
"2015-08-14 00:00:00",436,21.36,28.13,14.13,82.4,99,55.05,0,0,0,"NAN",0
"2015-08-15 00:00:00",437,23.07,30.16,17.07,86.8,99.7,59.16,0,0,0,"NAN",0
"2015-08-16 00:00:00",438,24.56,31.44,18.55,83.6,99.5,52.05,0,0,0,"NAN",0
"2015-08-17 00:00:00",439,24.75,30.84,18.07,84,100,57,0,0,0,"NAN",0
"2015-08-18 00:00:00",440,23.84,30.79,18.09,83.7,99.9,52.68,0,0,0,"NAN",0
"2015-08-19 00:00:00",441,22.35,29.32,19.74,93,99.8,67.12,0,0,0,"NAN",185
"2015-08-20 00:00:00",442,20.71,26.5,13.98,87.7,99.5,68.22,0,0,0,"NAN",11
"2015-08-21 00:00:00",443,17.64,24.33,12.46,78.55,100,43.59,0,0,0,"NAN",0
"2015-08-22 00:00:00",444,19.3,26.66,11.2,79.21,99.9,48.89,0,0,0,"NAN",0
"2015-08-23 00:00:00",445,19.8,25.66,13.02,82.4,98.5,58,0,0,0,"NAN",0
"2015-08-24 00:00:00",446,19.78,25.54,13.8,86.9,99.8,55.02,0,0,0,"NAN",0
"2015-08-25 00:00:00",447,17.37,23.84,9.88,71.1,98.3,40.13,0,0,0,"NAN",0
"2015-08-26 00:00:00",448,17.08,23.43,10.22,77.13,98.4,50.12,0,0,0,"NAN",0
"2015-08-27 00:00:00",449,17.05,21.97,12.38,84.4,98.5,63.71,0,0,0,"NAN",0
"2015-08-28 00:00:00",450,17.62,24.93,10.49,84.9,100,54.7,0,0,0,"NAN",0
"2015-08-29 00:00:00",451,19.56,25.91,12.36,82,100,56.05,0,0,0,"NAN",0
"2015-08-30 00:00:00",452,21.6,26.54,17.28,87.8,98.7,71.63,0,0,0,"NAN",0
"2015-08-31 00:00:00",453,22.44,29.4,16.94,88.3,100,57.38,0,0,0,"NAN",0
"2015-09-01 00:00:00",454,23.27,29.63,17.52,88.5,100,65.55,0,0,0,"NAN",0
"2015-09-02 00:00:00",455,22.89,29.71,19.66,92.2,99.7,69.92,0,0,0,"NAN",176
"2015-09-03 00:00:00",456,24.31,31.89,18.74,85.6,100,52.85,0,0,0,"NAN",6
"2015-09-04 00:00:00",457,25.06,32.04,18.53,81.9,100,49.05,0,0,0,"NAN",0
"2015-09-05 00:00:00",458,24.98,32.78,18.42,80.1,99.8,49.52,0,0,0,"NAN",66
"2015-09-06 00:00:00",459,24.46,31.69,18.43,84.7,99.5,56.26,0,0,0,"NAN",0
"2015-09-07 00:00:00",460,25.75,33.02,18.9,75.11,99.2,43.64,0,0,0,"NAN",0
"2015-09-08 00:00:00",461,25.33,32.59,18.74,78.64,99.1,48.18,0,0,0,"NAN",0
"2015-09-09 00:00:00",462,22.89,31.59,19.77,89.4,100,53.31,0,0,0,"NAN",84
"2015-09-10 00:00:00",463,21.43,26.23,16.53,89.1,100,62.86,0,0,0,"NAN",0
"2015-09-11 00:00:00",464,18.8,29.14,13.78,86.1,99.6,42.76,0,0,0,"NAN",0
"2015-09-12 00:00:00",465,16.86,22.79,12.12,90.4,100,65.09,0,0,0,"NAN",43
"2015-09-13 00:00:00",466,13.47,18.9,8.37,81.5,99.1,45.88,0,0,0,"NAN",0
"2015-09-14 00:00:00",467,13.99,21.72,7.278,73.99,100,37.02,0,0,0,"NAN",0
"2015-09-15 00:00:00",468,17.47,26.52,8.35,71.63,97.8,41.71,0,0,0,"NAN",0
"2015-09-16 00:00:00",469,19.14,27.42,12.28,67.12,94.2,33.04,0,0,0,"NAN",0
"2015-09-17 00:00:00",470,19.78,28.05,10.97,70.97,97.5,38.77,0,0,0,"NAN",0
"2015-09-18 00:00:00",471,21.61,29.05,12.8,76.25,98.2,52.72,0,0,0,"NAN",0
"2015-09-19 00:00:00",472,22.6,28.12,20.15,89.9,99.3,71.62,0,0,0,"NAN",142
"2015-09-20 00:00:00",473,17.44,22.33,10.89,83.3,99.4,52.56,0,0,0,"NAN",39
"2015-09-21 00:00:00",474,15.67,23.09,8.67,71.51,97.4,35.88,0,0,0,"NAN",0
"2015-09-22 00:00:00",475,16.09,24.86,8.53,68.6,95.8,30.96,0,0,0,"NAN",0
"2015-09-23 00:00:00",476,17.95,27.56,9.25,65.34,96.2,28.46,0,0,0,"NAN",0
"2015-09-24 00:00:00",477,19.39,28.96,10.2,63.11,93.3,30.66,0,0,0,"NAN",0
"2015-09-25 00:00:00",478,19.41,28.16,11.59,69.2,97.8,33.23,0,0,0,"NAN",0
"2015-09-26 00:00:00",479,19.53,28.61,13.14,69.36,96.3,35.96,0,0,0,"NAN",0
"2015-09-27 00:00:00",480,18.84,25.88,12.44,76.96,97.3,49.89,0,0,0,"NAN",0
"2015-09-28 00:00:00",481,20.16,25.49,14.65,85.3,98.8,62.12,0,0,0,"NAN",0
"2015-09-29 00:00:00",482,21.34,27.59,16.32,83.5,100,54.09,0,0,0,"NAN",0
"2015-09-30 00:00:00",483,18.42,22.35,14.46,88.4,98.3,74.51,0,0,0,"NAN",0
"2015-10-01 00:00:00",484,14.72,20.72,10.02,68.76,88.3,38.78,0,0,0,"NAN",0
"2015-10-02 00:00:00",485,12.44,19.54,6.885,69.98,90.8,40.64,0,0,0,"NAN",0
"2015-10-03 00:00:00",486,12.97,19.78,7.036,61.32,88.4,38.54,0,0,0,"NAN",0
"2015-10-04 00:00:00",487,10.64,14.89,8.53,78.26,98.6,59.17,0,0,0,"NAN",0
"2015-10-05 00:00:00",488,13.51,21.13,8.55,88.1,99.8,62.79,0,0,0,"NAN",0
"2015-10-06 00:00:00",489,15.49,22.79,11.01,90.9,100,66.62,0,0,0,"NAN",0
"2015-10-07 00:00:00",490,16.03,23.65,11.97,90,100,61.41,0,0,0,"NAN",0
"2015-10-08 00:00:00",491,17.2,25.74,9.34,76.67,100,44.61,0,0,0,"NAN",0
"2015-10-09 00:00:00",492,18.29,25.94,10.64,80.8,99.5,53.46,0,0,0,"NAN",0
"2015-10-10 00:00:00",493,14.66,18.45,7.602,82.3,96.5,61.21,0,0,0,"NAN",0
"2015-10-11 00:00:00",494,11.25,19.83,4.189,76.38,98.8,41.15,0,0,0,"NAN",0
"2015-10-12 00:00:00",495,14.59,24.57,5.169,71.86,97.8,36.67,0,0,0,"NAN",0
"2015-10-13 00:00:00",496,17.56,25,12.42,62.56,90.2,30.84,0,0,0,"NAN",0
"2015-10-14 00:00:00",497,13.74,19.56,5.896,63,86.9,44.57,0,0,0,"NAN",0
"2015-10-15 00:00:00",498,11.5,19.73,3.744,62.84,94.8,27.68,0,0,0,"NAN",0
"2015-10-16 00:00:00",499,12.84,23.23,1.804,55.51,93.9,25.5,0,0,0,"NAN",0
"2015-10-17 00:00:00",500,9.39,15.96,3.138,50.54,80.5,24.38,0,0,0,"NAN",0
"2015-10-18 00:00:00",501,5.36,11.79,-0.746,54.95,77.18,29.42,0,0,0,"NAN",0
"2015-10-19 00:00:00",502,6.575,15.81,-1.484,56.72,84.5,26.08,0,0,0,"NAN",0
"2015-10-20 00:00:00",503,12.19,21.45,2.087,51.03,79.07,28.29,0,0,0,"NAN",0
"2015-10-21 00:00:00",504,15.47,24.79,6.733,50.13,73.11,27.84,0,0,0,"NAN",0
"2015-10-22 00:00:00",505,18.23,27.12,11.33,61.08,79.3,40.48,0,0,0,"NAN",0
"2015-10-23 00:00:00",506,17.81,25.28,11.84,71.99,92.2,52.86,0,0,0,"NAN",0
"2015-10-24 00:00:00",507,17.13,22.82,9.99,73.51,84.8,52.91,0,0,0,"NAN",0
"2015-10-25 00:00:00",508,16.26,21.89,11.04,82.8,95.4,71.13,0,0,0,"NAN",0
"2015-10-26 00:00:00",509,11.06,17.8,5.512,63.03,89.5,31.27,0,0,0,"NAN",0
"2015-10-27 00:00:00",510,10.9,19.04,2.814,58.21,91.3,25.73,0,0,0,"NAN",0
"2015-10-28 00:00:00",511,11.33,13.43,7.944,93.4,100,58.89,0,0,0,"NAN",88
"2015-10-29 00:00:00",512,10.97,14.38,2.35,96.1,100,80.4,0,0,0,"NAN",22
"2015-10-30 00:00:00",513,5.268,7.39,0.954,84.3,93.3,72.18,0,0,0,"NAN",0
"2015-10-31 00:00:00",514,8.74,13.87,2.693,80.4,98.7,55.15,0,0,0,"NAN",0
"2015-11-01 00:00:00",515,10.21,13.34,7.228,92.5,97.9,86.5,0,0,0,"NAN",16
"2015-11-02 00:00:00",516,11.76,20.94,6.028,86.3,99.5,52.13,0,0,0,"NAN",0
"2015-11-03 00:00:00",517,12.47,22.59,4.228,80.2,98.4,44.29,0,0,0,"NAN",0
"2015-11-04 00:00:00",518,11.35,20.08,5.805,93.3,99.1,78.41,0,0,0,"NAN",0
"2015-11-05 00:00:00",519,15.14,24.29,7.138,89.6,99.7,65.49,0,0,0,"NAN",0
"2015-11-06 00:00:00",520,17.4,22.34,13.1,93.1,99.6,72.3,0,0,0,"NAN",3
"2015-11-07 00:00:00",521,10.59,17.67,3.664,84.5,98,62.64,0,0,0,"NAN",1
"2015-11-08 00:00:00",522,7.309,14.28,1.147,72.17,96.1,42.84,0,0,0,"NAN",0
"2015-11-09 00:00:00",523,5.352,13.14,-1.576,67.86,93.9,32.33,0,0,0,"NAN",0
"2015-11-10 00:00:00",524,6.489,14.99,-1.252,63.26,89.6,32.52,0,0,0,"NAN",0
"2015-11-11 00:00:00",525,6.104,15.76,-1.828,67.85,90.6,35.34,0,0,0,"NAN",0
"2015-11-12 00:00:00",526,11.65,18.41,3.198,76.48,93.3,56.7,0,0,0,"NAN",0
"2015-11-13 00:00:00",527,9.01,13.87,5.229,73.43,93.3,55.11,0,0,0,"NAN",0
"2015-11-14 00:00:00",528,4.39,10.63,-3.084,62.7,86.9,28.37,0,0,0,"NAN",0
"2015-11-15 00:00:00",529,5.344,18.05,-5.182,66.92,88.3,32.49,0,0,0,"NAN",0
"2015-11-16 00:00:00",530,8.81,20.57,0.012,66.14,93.5,25.25,0,0,0,"NAN",0
"2015-11-17 00:00:00",531,8.64,10.1,7.782,90.8,98.5,62.9,0,0,0,"NAN",14
"2015-11-18 00:00:00",532,12.71,16.71,9.32,95.1,99.7,81.8,0,0,0,"NAN",56
"2015-11-19 00:00:00",533,12.91,16.42,5.866,89.2,98.4,75.16,0,0,0,"NAN",36
"2015-11-20 00:00:00",534,4.868,9.4,-2.366,71.33,94.8,35.79,0,0,0,"NAN",0
"2015-11-21 00:00:00",535,3.551,10.04,-3.752,67.45,89.6,35.08,0,0,0,"NAN",0
"2015-11-22 00:00:00",536,-0.029,6.491,-7.516,89.6,98.1,59.3,0,0,0,"NAN",52
"2015-11-23 00:00:00",537,-5.569,-1.585,-12.17,87.4,93.8,76.79,0,0,0,"NAN",0
"2015-11-24 00:00:00",538,1.242,7.874,-4.777,82.4,94.7,65.16,0,0,0,"NAN",0
"2015-11-25 00:00:00",539,3.762,10.52,-2.446,90.7,97.8,80.1,0,0,0,"NAN",0
"2015-11-26 00:00:00",540,7.993,12.99,2.087,78.45,92.7,59.3,0,0,0,"NAN",0
"2015-11-27 00:00:00",541,13.71,18.55,10.36,82.3,89.6,72,0,0,0,"NAN",0
"2015-11-28 00:00:00",542,9.03,14.96,4.108,95.9,99.1,82.1,0,0,0,"NAN",0
"2015-11-29 00:00:00",543,3.667,4.452,2.814,96.5,98.9,93.1,0,0,0,"NAN",0
"2015-11-30 00:00:00",544,2.667,4.411,0.904,90.4,95.7,83,0,0,0,"NAN",0
"2015-12-01 00:00:00",545,4.5,7.762,2.106,95.7,100,89.1,0,0,0,"NAN",0
"2015-12-02 00:00:00",546,4.991,8.57,0.165,89.9,100,65.12,0,0,0,"NAN",0
"2015-12-03 00:00:00",547,0.759,3.078,-0.968,95.1,98,86.8,0,0,0,"NAN",0
"2015-12-04 00:00:00",548,-0.719,1.4,-3.692,96.2,97.8,94.4,0,0,0,"NAN",0
"2015-12-05 00:00:00",549,0.956,4.927,-1.069,98.3,100,95.8,0,0,0,"NAN",0
"2015-12-06 00:00:00",550,0.109,4.462,-2.061,99.9,100,99.1,0,0,0,"NAN",0
"2015-12-07 00:00:00",551,4.113,10.83,-1.748,92.1,100,68.6,0,0,0,"NAN",0
"2015-12-08 00:00:00",552,3.036,4.775,-0.108,98.9,100,96.2,0,0,0,"NAN",0
"2015-12-09 00:00:00",553,6.733,11.4,3.784,94.1,99.8,80.6,0,0,0,"NAN",0
"2015-12-10 00:00:00",554,7.036,12.85,3.159,89.5,98.3,70.11,0,0,0,"NAN",0
"2015-12-11 00:00:00",555,7.23,13.5,2.188,89.9,98.3,71.89,0,0,0,"NAN",0
"2015-12-12 00:00:00",556,8.78,14.44,1.611,95,99.7,70.68,0,0,0,"NAN",0
"2015-12-13 00:00:00",557,15.29,19.69,11.27,98.4,100,94.1,0,0,0,"NAN",0
"2015-12-14 00:00:00",558,15.55,17.4,14.49,95.1,98.9,85.9,0,0,0,"NAN",30
"2015-12-15 00:00:00",559,9.56,17.25,4.856,91.2,97.3,79.93,0,0,0,"NAN",15
"2015-12-16 00:00:00",560,4.645,5.764,3.36,93.9,97.4,89.1,0,0,0,"NAN",0
"2015-12-17 00:00:00",561,6.193,14.77,-0.148,89.4,99.4,64.75,0,0,0,"NAN",0
"2015-12-18 00:00:00",562,0.172,1.824,-2.061,78.57,88.4,72.81,0,0,0,"NAN",0
"2015-12-19 00:00:00",563,-1.581,2.158,-4.513,76.7,94.6,53.98,0,0,0,"NAN",0
"2015-12-20 00:00:00",564,-3,2.46,-7.232,74.34,88,51.33,0,0,0,"NAN",0
"2015-12-21 00:00:00",565,4.636,9.36,-1.656,71.57,89.5,54.32,0,0,0,"NAN",3
"2015-12-22 00:00:00",566,9.54,15.51,4.896,95.5,99.6,80.7,0,0,0,"NAN",83
"2015-12-23 00:00:00",567,4.897,8.11,2.36,97.8,100,96,0,0,0,"NAN",0
"2015-12-24 00:00:00",568,12.65,16.82,5.057,96.5,100,85.1,0,0,0,"NAN",50
"2015-12-25 00:00:00",569,5.068,8.81,0.165,88.2,97.7,71.23,0,0,0,"NAN",0
"2015-12-26 00:00:00",570,5.603,9.75,2.106,87,95.3,70.17,0,0,0,"NAN",0
"2015-12-27 00:00:00",571,8.15,12.58,2.106,96.5,100,88.8,0,0,0,"NAN",206
"2015-12-28 00:00:00",572,4.823,9.5,2.836,93.3,100,83.7,0,0,0,"NAN",43
"2015-12-29 00:00:00",573,3.372,8.25,0.985,97.6,100,90,0,0,0,"NAN",222
"2015-12-30 00:00:00",574,0.402,4.149,-0.866,90.4,94.5,87.3,0,0,0,"NAN",0
"2015-12-31 00:00:00",575,-0.789,-0.088,-1.494,89,91.2,87.1,0,0,0,"NAN",0
"2016-01-01 00:00:00",576,-2,-0.826,-4.696,88.6,94.2,84.3,0,0,0,"NAN",0
"2016-01-02 00:00:00",577,-2.818,-0.24,-5.142,90.2,95.1,81.5,0,0,0,"NAN",0
"2016-01-03 00:00:00",578,-0.918,3.28,-5.568,87.7,94.7,72.58,0,0,0,"NAN",0
"2016-01-04 00:00:00",579,-1.54,1.783,-4.716,84.6,92.5,73.66,0,0,0,"NAN",0
"2016-01-05 00:00:00",580,-1.628,2.683,-5.487,74.53,88.4,50.14,0,0,0,"NAN",0
"2016-01-06 00:00:00",581,-2.574,2.674,-6.886,83.6,95.4,64.09,0,0,0,"NAN",0
"2016-01-07 00:00:00",582,-0.141,5.624,-5.04,80.6,91.3,61.55,0,0,0,"NAN",0
"2016-01-08 00:00:00",583,4.09,9.84,0.792,77.75,88.6,59.68,0,0,0,"NAN",1
"2016-01-09 00:00:00",584,6.537,8.41,3.966,97.8,100,88.5,0,0,0,"NAN",10
"2016-01-10 00:00:00",585,2.829,6.43,-4.938,99.5,100,96.5,0,0,0,"NAN",37
"2016-01-11 00:00:00",586,-10.96,-4.938,-13.14,87,96.5,78.35,0,0,0,"NAN",8
"2016-01-12 00:00:00",587,-5.613,-0.006,-13.34,85.2,91.6,72.32,0,0,0,"NAN",0
"2016-01-13 00:00:00",588,-7.913,-0.127,-13.4,77.29,90,62.51,0,0,0,"NAN",9
"2016-01-14 00:00:00",589,-7.613,0.104,-16.03,80.2,92.4,65.5,0,0,0,"NAN",0
"2016-01-15 00:00:00",590,3.389,12.33,-5,85.7,96.5,64.77,0,0,0,"NAN",0
"2016-01-16 00:00:00",591,2.429,6.804,-1.616,95.6,98.4,92.2,0,0,0,"NAN",6
"2016-01-17 00:00:00",592,-2.879,-0.806,-5.142,90.4,96.3,83.2,0,0,0,"NAN",0
"2016-01-18 00:00:00",593,-11.9,-4.878,-16.47,77.77,90.8,64.77,0,0,0,"NAN",0
"2016-01-19 00:00:00",594,-15.38,-11.23,-18.11,77.13,85.9,66.92,0,0,0,"NAN",0
"2016-01-20 00:00:00",595,-11.09,-7.15,-16.81,76.96,90.7,60.27,0,0,0,"NAN",9
"2016-01-21 00:00:00",596,-8.65,-3.398,-14.39,88.2,94.8,72.88,0,0,0,"NAN",10
"2016-01-22 00:00:00",597,-8.94,-2.102,-15.16,87.8,93.3,73.05,0,0,0,"NAN",0
"2016-01-23 00:00:00",598,-4.413,-1.028,-7.536,83.1,91.2,71.95,0,0,0,"NAN",0
"2016-01-24 00:00:00",599,-5.747,2.026,-13.03,87.8,95.4,68.4,0,0,0,"NAN",0
"2016-01-25 00:00:00",600,-3.67,3.846,-13.07,86.6,95,69.02,0,0,0,"NAN",0
"2016-01-26 00:00:00",601,1.433,6.088,-3.864,89.9,98.8,78.13,0,0,0,"NAN",0
"2016-01-27 00:00:00",602,-0.692,1.4,-1.879,86,94.5,80.4,0,0,0,"NAN",0
"2016-01-28 00:00:00",603,-0.758,3.603,-3.094,76.87,88.7,55.86,0,0,0,"NAN",0
"2016-01-29 00:00:00",604,2.564,7.742,-1.404,81.7,91.5,66.34,0,0,0,"NAN",0
"2016-01-30 00:00:00",605,1.293,4.795,-1.788,75.4,88.6,56.36,0,0,0,"NAN",0
"2016-01-31 00:00:00",606,5.542,14.57,0.508,83.9,95.1,58.57,0,0,0,"NAN",0
"2016-02-01 00:00:00",607,8.6,17.13,1.582,91.2,100,74.06,0,0,0,"NAN",0
"2016-02-02 00:00:00",608,4.094,11.74,0.346,80.9,97.3,49.18,0,0,0,"NAN",0
"2016-02-03 00:00:00",609,6.651,15.06,-0.159,96.2,99.9,87.9,0,0,0,"NAN",26
"2016-02-04 00:00:00",610,1.772,10.04,-2.142,92.5,99.7,83.8,0,0,0,"NAN",0
"2016-02-05 00:00:00",611,-2.615,1.207,-5.964,78.52,92,58.43,0,0,0,"NAN",0
"2016-02-06 00:00:00",612,-2.731,1.076,-5.446,87.3,95.3,72.52,0,0,0,"NAN",0
"2016-02-07 00:00:00",613,0.777,10.15,-6.41,83.8,97,50.18,0,0,0,"NAN",0
"2016-02-08 00:00:00",614,4.248,10.94,-1.413,78.9,94.4,53.88,0,0,0,"NAN",0
"2016-02-09 00:00:00",615,-3.307,1.834,-7.028,90.8,96.3,81,0,0,0,"NAN",0
"2016-02-10 00:00:00",616,-7.891,-6.967,-9.99,86,90.2,80.4,0,0,0,"NAN",0
"2016-02-11 00:00:00",617,-9.7,-5.791,-14.04,74.41,86.5,60.96,0,0,0,"NAN",0
"2016-02-12 00:00:00",618,-7.422,-2.122,-13.57,64.56,85.4,40.23,0,0,0,"NAN",0
"2016-02-13 00:00:00",619,-5.774,-2.528,-10.58,74.66,89.8,52.85,0,0,0,"NAN",3
"2016-02-14 00:00:00",620,-10.13,-5.67,-15.38,58.1,72.67,41.18,0,0,0,"NAN",0
"2016-02-15 00:00:00",621,-7.545,-6.034,-9.29,86.7,96.7,62.33,0,0,0,"NAN",10
"2016-02-16 00:00:00",622,-2.333,0.327,-6.076,97.7,98.8,96.3,0,0,0,"NAN",0
"2016-02-17 00:00:00",623,-0.962,4.341,-7.171,93.2,98.5,80.3,0,0,0,"NAN",0
"2016-02-18 00:00:00",624,0.096,2.512,-3.216,86.1,93.2,73.41,0,0,0,"NAN",0
"2016-02-19 00:00:00",625,3.226,7.4,-1.392,84.3,94.7,72.37,0,0,0,"NAN",0
"2016-02-20 00:00:00",626,10.43,18.51,4.432,70.14,83.3,41.38,0,0,0,"NAN",0
"2016-02-21 00:00:00",627,11.09,22.25,1.652,61.64,88.9,28.42,0,0,0,"NAN",0
"2016-02-22 00:00:00",628,5.807,12.01,0.975,78.89,90.4,58.27,0,0,0,"NAN",0
"2016-02-23 00:00:00",629,3.364,10.51,-1.656,77.4,92.7,52.59,0,0,0,"NAN",0
"2016-02-24 00:00:00",630,3.497,10.1,-2.122,74.52,93.5,49.24,0,0,0,"NAN",0
"2016-02-25 00:00:00",631,0.873,2.643,0.012,93.2,100,70.82,0,0,0,"NAN",0
"2016-02-26 00:00:00",632,1.27,2.612,-0.28,81.1,93.5,67.84,0,0,0,"NAN",0
"2016-02-27 00:00:00",633,-0.819,2.309,-4.513,79.79,92.2,57.65,0,0,0,"NAN",0
"2016-02-28 00:00:00",634,3.755,13.47,-4.352,81.3,96.3,49.5,0,0,0,"NAN",0
"2016-02-29 00:00:00",635,9.89,19.15,2.836,78.78,94.2,54.61,0,0,0,"NAN",0
"2016-03-01 00:00:00",636,6.64,15.86,-1.2,73.12,93.1,39.61,0,0,0,"NAN",0
"2016-03-02 00:00:00",637,1.405,9.62,-3.288,85,94.5,72.76,0,0,0,"NAN",0
"2016-03-03 00:00:00",638,-0.719,4.795,-8.41,66.9,86.6,31.91,0,0,0,"NAN",0
"2016-03-04 00:00:00",639,1.812,4.876,-0.26,92.3,98.7,80.5,0,0,0,"NAN",21
"2016-03-05 00:00:00",640,1.578,6.714,-2.912,79.34,96.3,54.81,0,0,0,"NAN",0
"2016-03-06 00:00:00",641,3.897,7.318,1.358,84.8,96.4,65.82,0,0,0,"NAN",0
"2016-03-07 00:00:00",642,6.298,13.09,-1.716,76.52,94.8,54.65,0,0,0,"NAN",0
"2016-03-08 00:00:00",643,11.09,18.83,5.562,80.1,94.3,58.8,0,0,0,"NAN",14
"2016-03-09 00:00:00",644,16.02,22.91,11.21,77.04,92.1,56.6,0,0,0,"NAN",0
"2016-03-10 00:00:00",645,16.09,19.93,13.69,86.6,99.1,72,0,0,0,"NAN",0
"2016-03-11 00:00:00",646,9.29,13.79,5.32,93.2,99.2,87.1,0,0,0,"NAN",12
"2016-03-12 00:00:00",647,8.09,14.58,2.734,86.5,96.4,65.19,0,0,0,"NAN",0
"2016-03-13 00:00:00",648,10.65,15,5.966,92.1,98,81,0,0,0,"NAN",22
"2016-03-14 00:00:00",649,14.05,17.98,11.71,98.9,100,95.9,0,0,0,"NAN",39
"2016-03-15 00:00:00",650,12.72,15.3,7.46,96.7,100,88.7,0,0,0,"NAN",0
"2016-03-16 00:00:00",651,15.21,23.24,7.076,86.5,100,62.92,0,0,0,"NAN",0
"2016-03-17 00:00:00",652,11.54,17.2,5.664,60.86,91.9,26.84,0,0,0,"NAN",0
"2016-03-18 00:00:00",653,8.67,17.05,1.298,56.83,91.3,22.68,0,0,0,"NAN",0
"2016-03-19 00:00:00",654,6.898,12.24,1.41,56.29,81.4,35.53,0,0,0,"NAN",0
"2016-03-20 00:00:00",655,5.43,9.86,2.249,72.22,90.4,47.98,0,0,0,"NAN",0
"2016-03-21 00:00:00",656,4.509,8.33,-0.219,65.49,90.2,40.85,0,0,0,"NAN",0
"2016-03-22 00:00:00",657,4.984,13.19,-2.568,65.89,89.5,32.77,0,0,0,"NAN",0
"2016-03-23 00:00:00",658,11.56,19.75,2.976,62.15,86.5,38.36,0,0,0,"NAN",0
"2016-03-24 00:00:00",659,15.35,19.72,11.97,72.6,85.6,57.5,0,0,0,"NAN",0
"2016-03-25 00:00:00",660,10.13,16.88,0.104,87.3,97.7,72.62,0,0,0,"NAN",35
"2016-03-26 00:00:00",661,3.247,9.53,-0.644,78.72,91.7,61.39,0,0,0,"NAN",0
"2016-03-27 00:00:00",662,8.28,17.01,0.61,71.12,95.9,36.44,0,0,0,"NAN",0
"2016-03-28 00:00:00",663,9.96,20.89,3.927,74.48,96.1,25.88,0,0,0,"NAN",45
"2016-03-29 00:00:00",664,7.701,13.45,2.582,76.65,94.1,48.89,0,0,0,"NAN",0
"2016-03-30 00:00:00",665,8.44,15.21,2.046,65.64,94.6,34.28,0,0,0,"NAN",0
"2016-03-31 00:00:00",666,10.69,15.92,3.927,82.1,97.9,47.8,0,0,0,"NAN",69
"2016-04-01 00:00:00",667,14.8,20.85,6.875,87.9,98.7,60.24,0,0,0,"NAN",54
"2016-04-02 00:00:00",668,7.087,11.9,3.422,81.4,96.9,56.64,0,0,0,"NAN",0
"2016-04-03 00:00:00",669,3.826,9.94,-1.656,61.4,91.4,33.29,0,0,0,"NAN",0
"2016-04-04 00:00:00",670,9.06,19.27,-2.76,61.38,89.6,37.23,0,0,0,"NAN",0
"2016-04-05 00:00:00",671,5.38,14.11,-1.898,72.07,87.5,52.39,0,0,0,"NAN",0
"2016-04-06 00:00:00",672,4.116,10.55,-4.27,63.6,89.9,35.73,0,0,0,"NAN",0
"2016-04-07 00:00:00",673,8.77,11.13,7.167,81,98.3,58.45,0,0,0,"NAN",80
"2016-04-08 00:00:00",674,5.09,8.21,1.662,78.08,94.7,56.52,0,0,0,"NAN",2
"2016-04-09 00:00:00",675,3.605,7.632,-0.33,80.1,93.4,47.91,0,0,0,"NAN",0
"2016-04-10 00:00:00",676,1.439,7.188,-3.499,59.95,83,33.28,0,0,0,"NAN",0
"2016-04-11 00:00:00",677,7.252,11.08,1.783,83,99.1,60.97,0,0,0,"NAN",37
"2016-04-12 00:00:00",678,8.88,11.15,2.713,73.62,99.8,43.59,0,0,0,"NAN",7
"2016-04-13 00:00:00",679,6.58,13.33,0.852,57.06,77.42,33.73,0,0,0,"NAN",0
"2016-04-14 00:00:00",680,8.51,17.14,-0.118,64.54,91.3,31.01,0,0,0,"NAN",0
"2016-04-15 00:00:00",681,11.63,20.64,2.37,58.35,91.4,26.11,0,0,0,"NAN",0
"2016-04-16 00:00:00",682,15.83,25.09,5.3,56.63,85.7,31.1,0,0,0,"NAN",0
"2016-04-17 00:00:00",683,18.72,27.36,10.34,53.71,77.08,27.41,0,0,0,"NAN",0
"2016-04-18 00:00:00",684,19.63,27.86,10.18,46.95,82.5,19.41,0,0,0,"NAN",0
"2016-04-19 00:00:00",685,20.53,29.1,11.49,43.25,66.72,19.61,0,0,0,"NAN",0
"2016-04-20 00:00:00",686,19.91,27.57,13.25,47.77,81.5,23.9,0,0,0,"NAN",0
"2016-04-21 00:00:00",687,15.76,23.71,10.95,79.75,97.1,33.59,0,0,0,"NAN",20
"2016-04-22 00:00:00",688,15.97,21.93,11.43,87.7,99.2,56.4,0,0,0,"NAN",15
"2016-04-23 00:00:00",689,13.12,20.44,5.653,84.7,98.9,60.26,0,0,0,"NAN",0
"2016-04-24 00:00:00",690,12.4,21.32,4.128,74.99,94,42.76,0,0,0,"NAN",0
"2016-04-25 00:00:00",691,17.29,25.85,6.471,68.94,99.5,38.1,0,0,0,"NAN",0
"2016-04-26 00:00:00",692,21.54,28.2,14.13,62.26,82.8,40.46,0,0,0,"NAN",0
"2016-04-27 00:00:00",693,18.71,26.89,10.24,76.13,93.6,54.66,0,0,0,"NAN",1
"2016-04-28 00:00:00",694,13.59,15.7,10.19,92.3,98.4,79.39,0,0,0,"NAN",41
"2016-04-29 00:00:00",695,15.33,21.73,10.36,84.5,99.1,58.77,0,0,0,"NAN",77
"2016-04-30 00:00:00",696,11.95,16.97,7.47,85.4,97.8,66.15,0,0,0,"NAN",0
"2016-05-01 00:00:00",697,12.65,15.89,9.32,97.8,100,92.6,0,0,0,"NAN",67
"2016-05-02 00:00:00",698,14.02,20.14,9.7,97,100,85.7,0,0,0,"NAN",15
"2016-05-03 00:00:00",699,10.65,14.47,7.278,89.7,97.9,76.77,0,0,0,"NAN",0
"2016-05-04 00:00:00",700,13.03,19.54,6.128,69.78,96.1,40.33,0,0,0,"NAN",0
"2016-05-05 00:00:00",701,11.57,15,6.694,76.22,95.9,52.17,0,0,0,"NAN",13
"2016-05-06 00:00:00",702,11.84,20.04,5.048,70.03,89.4,39.14,0,0,0,"NAN",0
"2016-05-07 00:00:00",703,16.74,26.75,6.168,59.61,93.6,27.1,0,0,0,"NAN",0
"2016-05-08 00:00:00",704,17.59,24.93,11.11,61.45,82.3,34.97,0,0,0,"NAN",1
"2016-05-09 00:00:00",705,13.32,18.88,9.44,77.46,94.1,58.26,0,0,0,"NAN",38
"2016-05-10 00:00:00",706,15.51,20.42,11.85,94.4,98,86.3,0,0,0,"NAN",25
"2016-05-11 00:00:00",707,18.3,22.66,14.79,90,97.7,70.12,0,0,0,"NAN",9
"2016-05-12 00:00:00",708,18.46,26.11,13.28,90.7,99.9,62.76,0,0,0,"NAN",15
"2016-05-13 00:00:00",709,17.1,21.36,10.38,84.6,97.7,57.87,0,0,0,"NAN",0
"2016-05-14 00:00:00",710,14.84,22.35,7.289,72.94,96.1,38.98,0,0,0,"NAN",35
"2016-05-15 00:00:00",711,7.858,11.59,4.492,72.03,95.3,49.23,0,0,0,"NAN",0
"2016-05-16 00:00:00",712,9.2,14.7,3.239,60.05,92.8,29.87,0,0,0,"NAN",0
"2016-05-17 00:00:00",713,12.21,19.3,3.825,62.87,91,36.1,0,0,0,"NAN",3
"2016-05-18 00:00:00",714,11.75,14.92,9.16,86.1,94.8,66.17,0,0,0,"NAN",2
"2016-05-19 00:00:00",715,13.6,20.3,5.502,63.55,85.4,43.42,0,0,0,"NAN",0
"2016-05-20 00:00:00",716,16.3,23.31,7.843,54.9,89.7,26.84,0,0,0,"NAN",0
"2016-05-21 00:00:00",717,15.03,20.22,10.86,68.78,92.4,38.54,0,0,0,"NAN",3
"2016-05-22 00:00:00",718,18.14,25.1,11.95,54.01,90,27.3,0,0,0,"NAN",0
"2016-05-23 00:00:00",719,20.04,29.44,8.87,47.52,80.4,24.92,0,0,0,"NAN",0
"2016-05-24 00:00:00",720,21.01,28.72,11.03,46.57,81.2,22.65,0,0,0,"NAN",0
"2016-05-25 00:00:00",721,22.46,29.95,13.1,55.87,79.1,32.12,0,0,0,"NAN",0
"2016-05-26 00:00:00",722,23.12,29.74,16.82,72.83,93.5,48.83,0,0,0,"NAN",0
"2016-05-27 00:00:00",723,21.87,28.31,17.43,85.3,97.8,53.52,0,0,0,"NAN",23
"2016-05-28 00:00:00",724,21.75,27.34,18.11,86.2,96.1,63.29,0,0,0,"NAN",29
"2016-05-29 00:00:00",725,23.09,27.75,19.94,82.1,95.2,60.62,0,0,0,"NAN",0
"2016-05-30 00:00:00",726,23.4,29.26,16.8,65.97,94.6,36.21,0,0,0,"NAN",0
"2016-05-31 00:00:00",727,23.59,32.77,15.4,63.28,91.9,28.18,0,0,0,"NAN",5
"2016-06-01 00:00:00",728,22.5,30.49,17.41,74.19,92,31.61,0,0,0,"NAN",4
"2016-06-02 00:00:00",729,22.36,28.54,18.59,84.2,95.8,57.74,0,0,0,"NAN",9
"2016-06-03 00:00:00",730,23.02,28.66,16.77,58.04,89.3,28.37,0,0,0,"NAN",0
"2016-06-04 00:00:00",731,23.08,30.21,15.13,54.37,81.6,29.3,0,0,0,"NAN",0
"2016-06-05 00:00:00",732,19.48,24.11,16.54,90.2,100,72.04,0,0,0,"NAN",95
"2016-06-06 00:00:00",733,20.53,26.17,15.74,77.31,97.2,45.05,0,0,0,"NAN",0
"2016-06-07 00:00:00",734,22.87,29.28,16.14,54.52,90.8,25.08,0,0,0,"NAN",0
"2016-06-08 00:00:00",735,18.85,24.01,14.03,57.75,79.31,37.93,0,0,0,"NAN",0
"2016-06-09 00:00:00",736,18.78,26.66,9.6,59.5,94.5,30.8,0,0,0,"NAN",0
"2016-06-10 00:00:00",737,22.75,29.86,12.94,60.01,88.9,37.96,0,0,0,"NAN",0
"2016-06-11 00:00:00",738,27.26,34.01,20.41,63.71,84.4,40.75,0,0,0,"NAN",0
"2016-06-12 00:00:00",739,27.4,33.94,20.11,64.79,89.8,37.33,0,0,0,"NAN",0
"2016-06-13 00:00:00",740,26.08,31.89,17.57,60.46,83.5,39.03,0,0,0,"NAN",0
"2016-06-14 00:00:00",741,29.1,34.17,23.78,58.07,82.3,39.56,0,0,0,"NAN",0
"2016-06-15 00:00:00",742,24.46,29.63,21.51,89.9,99.2,75.5,0,0,0,"NAN",50
"2016-06-16 00:00:00",743,26.21,32.75,21.94,85.6,99.7,52.05,0,0,0,"NAN",32
"2016-06-17 00:00:00",744,23.83,28,17.79,79.18,98.8,60.19,0,0,0,"NAN",0
"2016-06-18 00:00:00",745,22.66,28.98,16.72,70.63,98.8,38.97,0,0,0,"NAN",0
"2016-06-19 00:00:00",746,23.56,30.33,14.94,62.34,89.5,31.81,0,0,0,"NAN",0
"2016-06-20 00:00:00",747,25.66,31.81,18.04,75.29,96,54.41,0,0,0,"NAN",0
"2016-06-21 00:00:00",748,26.49,32.59,19.78,77.75,99.1,51.59,0,0,0,"NAN",66
"2016-06-22 00:00:00",749,23.19,27.65,18.29,71.55,96.4,48.55,0,0,0,"NAN",0
"2016-06-23 00:00:00",750,23.05,28.77,17.35,90.2,100,75.31,0,0,0,"NAN",194
"2016-06-24 00:00:00",751,26.93,30.89,20.62,75.5,94.3,48.08,0,0,0,"NAN",18
"2016-06-25 00:00:00",752,23.16,28.36,17.5,82.8,98.8,59.07,0,0,0,"NAN",33
"2016-06-26 00:00:00",753,25.69,32.24,18.37,81,98.2,53.59,0,0,0,"NAN",28
"2016-06-27 00:00:00",754,25.03,32.9,21.08,89.5,100,61.82,0,0,0,"NAN",107
"2016-06-28 00:00:00",755,25.56,30.68,19.41,74.83,100,46.4,0,0,0,"NAN",18
"2016-06-29 00:00:00",756,20.47,25.32,12.33,78.07,96.6,56.42,0,0,0,"NAN",0
"2016-06-30 00:00:00",757,17.82,24.42,10.14,71.88,98.7,39.4,0,0,0,"NAN",0
"2016-07-01 00:00:00",758,20.36,25.97,11.67,76.82,96.9,54.4,0,0,0,"NAN",0
"2016-07-02 00:00:00",759,20.51,25.38,14.09,79.9,98.7,46.52,0,0,0,"NAN",40
"2016-07-03 00:00:00",760,15.6,18.38,10.89,87.8,98.3,72.45,0,0,0,"NAN",7
"2016-07-04 00:00:00",761,16.96,18.78,14.51,98.4,100,89.1,0,0,0,"NAN",44
"2016-07-05 00:00:00",762,20.45,24.31,17.6,97,100,84.9,0,0,0,"NAN",27
"2016-07-06 00:00:00",763,24.33,29.33,20.59,88.3,100,66.39,0,0,0,"NAN",35
"2016-07-07 00:00:00",764,23.36,28.5,19.6,92,100,74,0,0,0,"NAN",54
"2016-07-08 00:00:00",765,23,28.72,18.65,91.7,100,70.2,0,0,0,"NAN",0
"2016-07-09 00:00:00",766,24.12,30.08,18.86,83.6,100,50.24,0,0,0,"NAN",0
"2016-07-10 00:00:00",767,21.58,27,15.7,81.2,98.7,58.68,0,0,0,"NAN",0
"2016-07-11 00:00:00",768,21.79,27.8,14.29,81.7,100,58.21,0,0,0,"NAN",0
"2016-07-12 00:00:00",769,24.76,29.93,18.51,85.1,97.6,69.14,0,0,0,"NAN",0
"2016-07-13 00:00:00",770,24.94,31.14,20,89,100,66.73,0,0,0,"NAN",0
"2016-07-14 00:00:00",771,23.38,31.2,19.4,94.6,100,65.99,0,0,0,"NAN",90
"2016-07-15 00:00:00",772,24.07,29.78,19.14,86,100,50.11,0,0,0,"NAN",0
"2016-07-16 00:00:00",773,22.33,26.86,17.71,81.9,99.7,53.57,0,0,0,"NAN",0
"2016-07-17 00:00:00",774,20.85,25.76,16.54,83.7,98.9,60.66,0,0,0,"NAN",0
"2016-07-18 00:00:00",775,23.06,29.84,16.42,91.6,99.3,77.52,0,0,0,"NAN",38
"2016-07-19 00:00:00",776,24.71,29.56,20.87,91.5,100,72.11,0,0,0,"NAN",3
"2016-07-20 00:00:00",777,24.98,31.08,19.09,90.2,100,64.96,0,0,0,"NAN",0
"2016-07-21 00:00:00",778,25.27,30.56,20.26,89.1,100,67.08,0,0,0,"NAN",0
"2016-07-22 00:00:00",779,27.27,32.97,21.11,90.6,100,73.25,0,0,0,"NAN",0
"2016-07-23 00:00:00",780,25.32,30.68,21.24,87.6,100,65.15,0,0,0,"NAN",45
"2016-07-24 00:00:00",781,26.54,31.52,20.84,89.4,100,71.56,0,0,0,"NAN",19
"2016-07-25 00:00:00",782,27.05,32.73,20.1,90,100,72.78,0,0,0,"NAN",72
"2016-07-26 00:00:00",783,24.58,29.44,20.64,89.4,99.5,71.57,0,0,0,"NAN",223
"2016-07-27 00:00:00",784,24.35,27.95,19.84,84.1,98,65.71,0,0,0,"NAN",23
"2016-07-28 00:00:00",785,23.87,29.01,17.68,87.3,100,60.82,0,0,0,"NAN",33
"2016-07-29 00:00:00",786,23.72,29.71,20.6,91.8,100,69.7,0,0,0,"NAN",13
"2016-07-30 00:00:00",787,23.11,28.2,18.45,89,100,62.46,0,0,0,"NAN",0
"2016-07-31 00:00:00",788,22.1,27.66,17.53,89.6,100,63.99,0,0,0,"NAN",0
"2016-08-01 00:00:00",789,22.8,27.91,16.85,87.7,100,66.37,0,0,0,"NAN",0
"2016-08-02 00:00:00",790,23.41,29.06,18.85,89.1,100,65.63,0,0,0,"NAN",0
"2016-08-03 00:00:00",791,23.92,28.64,19.13,89.3,99.8,68,0,0,0,"NAN",0
"2016-08-04 00:00:00",792,24.93,29.89,19.68,87.3,100,67.15,0,0,0,"NAN",0
"2016-08-05 00:00:00",793,25.54,31.47,19.44,85.4,99.9,59.51,0,0,0,"NAN",0
"2016-08-06 00:00:00",794,24.85,28.66,21.77,85.7,99.7,72.71,0,0,0,"NAN",0
"2016-08-07 00:00:00",795,23.05,28.49,18.27,78.64,95.7,53.58,0,0,0,"NAN",0
"2016-08-08 00:00:00",796,21.86,28.14,16.28,77.39,97.1,48.34,0,0,0,"NAN",0
"2016-08-09 00:00:00",797,22.95,28.08,17.89,85.3,96.6,63.65,0,0,0,"NAN",0
"2016-08-10 00:00:00",798,24.15,30.62,18.65,78.67,96.4,50.92,0,0,0,"NAN",0
"2016-08-11 00:00:00",799,25.24,31.21,18.65,84.6,99.9,57.59,0,0,0,"NAN",0
"2016-08-12 00:00:00",800,26.94,33.32,21.54,88.1,100,63.67,0,0,0,"NAN",0
"2016-08-13 00:00:00",801,26.26,31.49,22.03,91.1,100,72.86,0,0,0,"NAN",55
"2016-08-14 00:00:00",802,23.54,26.82,20.04,92.6,100,75.06,0,0,0,"NAN",0
"2016-08-15 00:00:00",803,21.45,25.34,17.41,94.8,100,80.3,0,0,0,"NAN",0
"2016-08-16 00:00:00",804,21.98,24.97,20.21,99.4,100,92.1,0,0,0,"NAN",165
"2016-08-17 00:00:00",805,23.62,28.75,20.21,92,100,67.51,0,0,0,"NAN",9
"2016-08-18 00:00:00",806,23.49,28.88,19.8,93.8,100,71.3,0,0,0,"NAN",0
"2016-08-19 00:00:00",807,23.94,30.16,18.58,90,100,67.76,0,0,0,"NAN",29
"2016-08-20 00:00:00",808,23.52,28.61,18.65,92,100,68.11,0,0,0,"NAN",0
"2016-08-21 00:00:00",809,22.8,27.69,17.39,91.4,100,72.62,0,0,0,"NAN",37
"2016-08-22 00:00:00",810,18.95,24.84,14.34,83.3,100,54.21,0,0,0,"NAN",0
"2016-08-23 00:00:00",811,19.14,26.24,11.98,83,100,52.5,0,0,0,"NAN",0
"2016-08-24 00:00:00",812,20.67,27.1,12.83,85.3,99.7,59.46,0,0,0,"NAN",0
"2016-08-25 00:00:00",813,24.68,30.58,19.29,91.1,100,72.48,0,0,0,"NAN",64
"2016-08-26 00:00:00",814,24.78,29.81,18.92,88,100,69.39,0,0,0,"NAN",5
"2016-08-27 00:00:00",815,23.36,29.62,19.74,92.4,100,63.96,0,0,0,"NAN",29
"2016-08-28 00:00:00",816,24.47,30.45,20.49,90.5,100,70.35,0,0,0,"NAN",5
"2016-08-29 00:00:00",817,24.87,30.97,19.67,89.1,100,60.2,0,0,0,"NAN",0
"2016-08-30 00:00:00",818,24.9,30.6,19.16,88.9,100,66.74,0,0,0,"NAN",0
"2016-08-31 00:00:00",819,24.32,30.08,20.03,90.1,100,68.45,0,0,0,"NAN",0
"2016-09-01 00:00:00",820,22.83,28.54,16.49,85.1,100,66.83,0,0,0,"NAN",0
"2016-09-02 00:00:00",821,19.65,25.86,15.36,75.49,94.2,46.56,0,0,0,"NAN",0
"2016-09-03 00:00:00",822,18.71,25.18,13.7,78.77,97.6,50.45,0,0,0,"NAN",0
"2016-09-04 00:00:00",823,18.84,26.38,12.83,81,97.6,48.37,0,0,0,"NAN",0
"2016-09-05 00:00:00",824,20.27,27.52,13.27,81.2,99.8,46.32,0,0,0,"NAN",0
"2016-09-06 00:00:00",825,24.84,31.95,18.17,84,97.9,61.25,0,0,0,"NAN",0
"2016-09-07 00:00:00",826,26.29,32.99,20.43,85,100,59.75,0,0,0,"NAN",0
"2016-09-08 00:00:00",827,26.6,32.78,21.5,83.9,99.5,58.29,0,0,0,"NAN",0
"2016-09-09 00:00:00",828,23.6,26.64,19.64,95.9,100,84.7,0,0,0,"NAN",134
"2016-09-10 00:00:00",829,21.67,25.9,19.41,97.4,100,81,0,0,0,"NAN",282
"2016-09-11 00:00:00",830,20.09,24.7,12.39,84,100,51.07,0,0,0,"NAN",80
"2016-09-12 00:00:00",831,17.49,25.53,10.63,77.11,100,42.12,0,0,0,"NAN",0
"2016-09-13 00:00:00",832,18.42,26.15,10.77,77.87,99.8,45.31,0,0,0,"NAN",0
"2016-09-14 00:00:00",833,21.22,29.6,12.49,81.9,100,52.72,0,0,0,"NAN",3
"2016-09-15 00:00:00",834,21.65,27.96,17.7,87.3,100,62.04,0,0,0,"NAN",0
"2016-09-16 00:00:00",835,21.38,28.95,17,87.5,100,59.06,0,0,0,"NAN",28
"2016-09-17 00:00:00",836,21.2,25.11,17.54,95.2,100,78.3,0,0,0,"NAN",24
"2016-09-18 00:00:00",837,21.52,27.34,16.62,86.1,100,55.32,0,0,0,"NAN",29
"2016-09-19 00:00:00",838,20.97,28.18,14.37,73.26,100,33.63,0,0,0,"NAN",19
"2016-09-20 00:00:00",839,20.79,29.76,11.55,73.93,100,32.56,0,0,0,"NAN",13
"2016-09-21 00:00:00",840,23.26,32.43,15.04,78.44,99.9,46.24,0,0,0,"NAN",0
"2016-09-22 00:00:00",0,24.31,32.12,16.44,67.93,96.1,35.88,0,0,0,"NAN",0
"2016-09-23 00:00:00",1,22.83,31.96,14.96,72.74,99.6,36.16,0,0,0,"NAN",0
"2016-09-24 00:00:00",2,23.67,32.07,15.54,76.73,99.5,42.18,0,0,0,"NAN",0
"2016-09-25 00:00:00",3,"NAN","NAN","NAN",69.14,100,-100,0,0,0,"NAN",0
"2016-09-26 00:00:00",4,"NAN","NAN","NAN",24.27,100,-100,0,0,0,"NAN",21
"2016-09-27 00:00:00",5,-100,-100,-100,-100,-100,-100,0,0,0,"NAN",15
"2016-09-28 00:00:00",6,-100,-100,-100,-100,-100,-100,0,0,0,"NAN",46
"2016-09-29 00:00:00",7,-100,-100,-100,-100,-100,-100,0,0,0,"NAN",29
"2016-09-30 00:00:00",8,-100,-100,-100,-100,-100,-100,0,0,0,"NAN",28
"2016-10-01 00:00:00",9,-100,-100,-100,-100,-100,-100,0,0,0,"NAN",46
"2016-10-02 00:00:00",10,-97.2,41.78,-100,-95.9,100,-100,0,0,0,"NAN",23
"2016-10-03 00:00:00",11,"NAN","NAN","NAN",-73.9,100,-100,0,0,0,"NAN",39
"2016-10-04 00:00:00",12,-100,-100,-100,-100,-100,-100,0,0,0,"NAN",40
"2016-10-05 00:00:00",13,-100,25.8,-100,-100,59.59,-100,0,0,0,"NAN",0
"2016-10-06 00:00:00",14,-100,-100,-100,-100,-100,-100,0,0,0,"NAN",0
"2016-10-07 00:00:00",15,-100,-100,-100,-100,-100,-100,0,0,0,"NAN",0
"2016-10-08 00:00:00",16,-100,-100,-100,-100,-100,-100,0,0,0,"NAN",0
"2016-10-09 00:00:00",17,-100,-100,-100,-100,-100,-100,0,0,0,"NAN",0
"2016-10-10 00:00:00",18,-100,-100,-100,-100,-100,-100,0,0,0,"NAN",0
"2016-10-11 00:00:00",19,-100,-100,-100,-100,-100,-100,0,0,0,"NAN",0
"2016-10-12 00:00:00",20,-100,-100,-100,-100,-100,-100,0,0,0,"NAN",0
"2016-10-13 00:00:00",21,-100,-100,-100,-100,-100,-100,0,0,0,"NAN",21
"2016-10-14 00:00:00",22,-100,-100,-100,-100,-100,-100,0,0,0,"NAN",0
"2016-10-15 00:00:00",23,-100,-100,-100,-100,-100,-100,0,0,0,"NAN",0
"2016-10-16 00:00:00",24,-100,-100,-100,-100,-100,-100,0,0,0,"NAN",0
"2016-10-17 00:00:00",25,-100,-100,-100,-100,-100,-100,0,0,0,"NAN",29
"2016-10-18 00:00:00",26,-100,-100,-100,-100,-100,-100,0,0,0,"NAN",0
"2016-10-19 00:00:00",27,-100,-100,-100,-100,-100,-100,0,0,0,"NAN",0
"2016-10-20 00:00:00",28,-100,-100,-100,-100,-100,-100,0,0,0,"NAN",22
"2016-10-21 00:00:00",29,-100,-100,-100,-100,-100,-100,0,0,0,"NAN",81
"2016-10-22 00:00:00",30,-100,-100,-100,-100,-100,-100,0,0,0,"NAN",0
"2016-10-23 00:00:00",31,-100,-100,-100,-100,-100,-100,0,0,0,"NAN",0
"2016-10-24 00:00:00",32,-100,-100,-100,-100,-100,-100,0,0,0,"NAN",0
"2016-10-25 00:00:00",33,-100,-100,-100,-100,-100,-100,0,0,0,"NAN",0
"2016-10-26 00:00:00",34,-100,-100,-100,-100,-100,-100,0,0,0,"NAN",5
"2016-10-27 00:00:00",35,-100,-100,-100,-100,-100,-100,0,0,0,"NAN",25
"2016-10-28 00:00:00",36,-100,-100,-100,-100,-100,-100,0,0,0,"NAN",0
"2016-10-29 00:00:00",37,-100,-100,-100,-100,-100,-100,0,0,0,"NAN",0
"2016-10-30 00:00:00",38,-100,-100,-100,-100,-100,-100,0,0,0,"NAN",0
"2016-10-31 00:00:00",39,-100,-100,-100,-100,-100,-100,0,0,0,"NAN",0
"2016-11-01 00:00:00",40,-100,-100,-100,-100,-100,-100,0,0,0,"NAN",0
"2016-11-02 00:00:00",41,-100,-100,-100,-100,-100,-100,0,0,0,"NAN",0
"2016-11-03 00:00:00",42,-100,-100,-100,-100,-100,-100,0,0,0,"NAN",32
"2016-11-04 00:00:00",43,-100,-100,-100,-100,-100,-100,0,0,0,"NAN",47
"2016-11-05 00:00:00",44,-100,-100,-100,-100,-100,-100,0,0,0,"NAN",16
"2016-11-06 00:00:00",45,-100,-100,-100,-100,-100,-100,0,0,0,"NAN",18
"2016-11-07 00:00:00",46,-100,-100,-100,-100,-100,-100,0,0,0,"NAN",26
"2016-11-08 00:00:00",47,-100,-100,-100,-100,-100,-100,0,0,0,"NAN",15
"2016-11-09 00:00:00",48,-100,-100,-100,-100,-100,-100,0,0,0,"NAN",41
"2016-11-10 00:00:00",49,-100,-100,-100,-100,-100,-100,0,0,0,"NAN",4
"2016-11-11 00:00:00",50,-100,-100,-100,-100,-100,-100,0,0,0,"NAN",0
"2016-11-12 00:00:00",51,-100,-100,-100,-100,-100,-100,0,0,0,"NAN",0
"2016-11-13 00:00:00",52,-100,-100,-100,-100,-100,-100,0,0,0,"NAN",0
"2016-11-14 00:00:00",53,-100,-100,-100,-100,-100,-100,0,0,0,"NAN",0
"2016-11-15 00:00:00",54,-100,-100,-100,-100,-100,-100,0,0,0,"NAN",0
"2016-11-16 00:00:00",55,-100,-100,-100,-100,-100,-100,0,0,0,"NAN",0
"2016-11-17 00:00:00",56,-100,-100,-100,-100,-100,-100,0,0,0,"NAN",0
"2016-11-18 00:00:00",57,-100,-100,-100,-100,-100,-100,0,0,0,"NAN",0
"2016-11-19 00:00:00",58,-100,-100,-100,-100,-100,-100,0,0,0,"NAN",49
"2016-11-20 00:00:00",59,-100,-100,-100,-100,-100,-100,0,0,0,"NAN",0
"2016-11-21 00:00:00",60,-100,-100,-100,-100,-100,-100,0,0,0,"NAN",0
"2016-11-22 00:00:00",61,-100,-100,-100,-100,-100,-100,0,0,0,"NAN",0
"2016-11-23 00:00:00",62,-100,-100,-100,-100,-100,-100,0,0,0,"NAN",16
"2016-11-24 00:00:00",63,-100,-100,-100,-100,-100,-100,0,0,0,"NAN",33
"2016-11-25 00:00:00",64,-100,-100,-100,-100,-100,-100,0,0,0,"NAN",0
"2016-11-26 00:00:00",65,-100,-100,-100,-100,-100,-100,0,0,0,"NAN",0
"2016-11-27 00:00:00",66,-100,-100,-100,-100,-100,-100,0,0,0,"NAN",0
"2016-11-28 00:00:00",67,-100,-100,-100,-100,-100,-100,0,0,0,"NAN",3
"2016-11-29 00:00:00",68,-100,-100,-100,-100,-100,-100,0,0,0,"NAN",74
"2016-11-30 00:00:00",69,-100,-100,-100,-100,-100,-100,0,0,0,"NAN",0
"2016-12-01 00:00:00",70,-100,-100,-100,-100,-100,-100,0,0,0,"NAN",0
"2016-12-02 00:00:00",71,-100,-100,-100,-100,-100,-100,0,0,0,"NAN",0
"2016-12-03 00:00:00",72,-100,-100,-100,-100,-100,-100,0,0,0,"NAN",0
"2016-12-04 00:00:00",73,-100,-100,-100,-100,-100,-100,0,0,0,"NAN",0
"2016-12-05 00:00:00",74,-100,-100,-100,-100,-100,-100,0,0,0,"NAN",45
"2016-12-06 00:00:00",75,-100,-100,-100,-100,-100,-100,0,0,0,"NAN",0
"2016-12-07 00:00:00",76,-100,-100,-100,-100,-100,-100,0,0,0,"NAN",0
"2016-12-08 00:00:00",77,-100,-100,-100,-100,-100,-100,0,0,0,"NAN",0
"2016-12-09 00:00:00",78,-100,-100,-100,-100,-100,-100,0,0,0,"NAN",0
"2016-12-10 00:00:00",79,-100,-100,-100,-100,-100,-100,0,0,0,"NAN",0
"2016-12-11 00:00:00",80,-100,-100,-100,-100,-100,-100,0,0,0,"NAN",4
"2016-12-12 00:00:00",81,-100,-100,-100,-100,-100,-100,0,0,0,"NAN",19
"2016-12-13 00:00:00",82,-100,-100,-100,-100,-100,-100,0,0,0,"NAN",0
"2016-12-14 00:00:00",83,-100,-100,-100,-100,-100,-100,0,0,0,"NAN",9
"2016-12-15 00:00:00",84,-100,-100,-100,-100,-100,-100,0,0,0,"NAN",0
"2016-12-16 00:00:00",85,-100,-100,-100,-100,-100,-100,0,0,0,"NAN",0
"2016-12-17 00:00:00",86,-100,-100,-100,-100,-100,-100,0,0,0,"NAN",0
"2016-12-18 00:00:00",87,-100,-100,-100,-100,-100,-100,0,0,0,"NAN",3
"2016-12-19 00:00:00",88,-100,-100,-100,-100,-100,-100,0,0,0,"NAN",0
"2016-12-20 00:00:00",89,-100,-100,-100,-100,-100,-100,0,0,0,"NAN",0
"2016-12-21 00:00:00",90,-100,-100,-100,-100,-100,-100,0,0,0,"NAN",0
"2016-12-22 00:00:00",91,-100,-100,-100,-100,-100,-100,0,0,0,"NAN",0
"2016-12-23 00:00:00",92,-100,-100,-100,-100,-100,-100,0,0,0,"NAN",0
"2016-12-24 00:00:00",93,-100,-100,-100,-100,-100,-100,0,0,0,"NAN",0
"2016-12-25 00:00:00",94,-100,-100,-100,-100,-100,-100,0,0,0,"NAN",0
"2016-12-26 00:00:00",95,-100,-100,-100,-100,-100,-100,0,0,0,"NAN",0
"2016-12-27 00:00:00",96,-100,-100,-100,-100,-100,-100,0,0,0,"NAN",0
"2016-12-28 00:00:00",97,-100,-100,-100,-100,-100,-100,0,0,0,"NAN",0
"2016-12-29 00:00:00",98,-100,-100,-100,-100,-100,-100,0,0,0,"NAN",0
"2016-12-30 00:00:00",99,-100,-100,-100,-100,-100,-100,0,0,0,"NAN",0
"2016-12-31 00:00:00",100,-100,-100,-100,-100,-100,-100,0,0,0,"NAN",0
"2017-01-01 00:00:00",101,-100,-100,-100,-100,-100,-100,0,0,0,"NAN",0
"2017-01-02 00:00:00",102,-100,-100,-100,-100,-100,-100,0,0,0,"NAN",0
"2017-01-03 00:00:00",103,-100,-100,-100,-100,-100,-100,0,0,0,"NAN",0
"2017-01-04 00:00:00",104,-100,-100,-100,-100,-100,-100,0,0,0,"NAN",0
"2017-01-05 00:00:00",105,-100,-100,-100,-100,-100,-100,0,0,0,"NAN",0
"2017-01-06 00:00:00",106,-100,-100,-100,-100,-100,-100,0,0,0,"NAN",0
"2017-01-07 00:00:00",107,-100,-100,-100,-100,-100,-100,0,0,0,"NAN",0
"2017-01-08 00:00:00",108,-100,-100,-100,-100,-100,-100,0,0,0,"NAN",0
"2017-01-09 00:00:00",109,-100,-100,-100,-100,-100,-100,0,0,0,"NAN",0
"2017-01-10 00:00:00",110,-100,-100,-100,-100,-100,-100,0,0,0,"NAN",0
"2017-01-11 00:00:00",111,-100,-100,-100,-100,-100,-100,0,0,0,"NAN",0
"2017-01-12 00:00:00",112,-100,-100,-100,-100,-100,-100,0,0,0,"NAN",0
"2017-01-13 00:00:00",113,-100,-100,-100,-100,-100,-100,0,0,0,"NAN",0
"2017-01-14 00:00:00",114,-100,-100,-100,-100,-100,-100,0,0,0,"NAN",0
"2017-01-15 00:00:00",115,-100,-100,-100,-100,-100,-100,0,0,0,"NAN",0
"2017-01-16 00:00:00",116,-100,-100,-100,-100,-100,-100,0,0,0,"NAN",0
"2017-01-17 00:00:00",117,-100,-100,-100,-100,-100,-100,0,0,0,"NAN",0
"2017-01-18 00:00:00",118,-100,-100,-100,-100,-100,-100,0,0,0,"NAN",0
"2017-01-19 00:00:00",119,-100,-100,-100,-100,-100,-100,0,0,0,"NAN",0
"2017-01-20 00:00:00",120,-100,-100,-100,-100,-100,-100,0,0,0,"NAN",0
"2017-01-21 00:00:00",121,-100,-100,-100,-100,-100,-100,0,0,0,"NAN",0
"2017-01-22 00:00:00",122,-100,-100,-100,-100,-100,-100,0,0,0,"NAN",0
"2017-01-23 00:00:00",123,-100,-100,-100,-100,-100,-100,0,0,0,"NAN",0
"2017-01-24 00:00:00",124,-52.95,15.83,-100,-16.38,88.6,-100,0,0,0,"NAN",0
"2017-01-25 00:00:00",125,3.104,4.37,0.722,85.5,94.3,75.47,0,0,0,"NAN",0
"2017-01-26 00:00:00",126,4.101,9.88,0.964,82.3,92.7,70.58,0,0,0,"NAN",0
"2017-01-27 00:00:00",127,-0.6,0.994,-1.444,85,94.3,76.37,0,0,0,"NAN",0
"2017-01-28 00:00:00",128,-2.952,-1.272,-5.203,81.4,88.9,71.74,0,0,0,"NAN",0
"2017-01-29 00:00:00",129,-1.821,1.844,-5.67,81.3,90.5,70.88,0,0,0,"NAN",0
"2017-01-30 00:00:00",130,-3.336,-2.204,-6.704,78.21,93.5,66.94,0,0,0,"NAN",0
"2017-01-31 00:00:00",131,-3.659,4.562,-13.6,81.1,93.9,60.4,0,0,0,"NAN",0
"2017-02-01 00:00:00",132,3.286,5.775,-0.016,76.71,88.9,66.14,0,0,0,"NAN",0
"2017-02-02 00:00:00",133,1.693,5.633,-3.499,69.39,87.9,47.94,0,0,0,"NAN",0
"2017-02-03 00:00:00",134,-5.606,-1.879,-8.21,59.47,74.78,39.88,0,0,0,"NAN",0
"2017-02-04 00:00:00",135,-6.095,-0.968,-10.05,58.12,77.34,34.87,0,0,0,"NAN",0
"2017-02-05 00:00:00",136,-3.785,1.46,-11.42,58.74,83.8,37.05,0,0,0,"NAN",0
"2017-02-06 00:00:00",137,0.913,7.864,-4.949,67.38,87.2,47.79,0,0,0,"NAN",0
"2017-02-07 00:00:00",138,3.256,9.49,-3.905,92.9,100,79.36,0,0,0,"NAN",0
"2017-02-08 00:00:00",139,10.12,16.11,-0.482,91.4,100,73.2,0,0,0,"NAN",0
"2017-02-09 00:00:00",140,-2.734,0.388,-9.08,87.3,96.1,77.24,0,0,0,"NAN",0
"2017-02-10 00:00:00",141,-10.19,-7.09,-14.16,74.33,85.8,55.92,0,0,0,"NAN",0
"2017-02-11 00:00:00",142,0.235,9.34,-10.05,78.3,90.1,65.36,0,0,0,"NAN",0
"2017-02-12 00:00:00",143,10.29,18.05,2.188,87.2,98.9,70.91,0,0,0,"NAN",0
"2017-02-13 00:00:00",144,5.146,11.03,0.226,69.16,99,30.17,0,0,0,"NAN",0
"2017-02-14 00:00:00",145,1.48,7.752,-5.344,67.57,95,35.07,0,0,0,"NAN",0
"2017-02-15 00:00:00",146,3.992,10.95,-0.746,71.3,91.6,45.34,0,0,0,"NAN",0
"2017-02-16 00:00:00",147,0.478,5.502,-3.278,62.18,87.7,34.5,0,0,0,"NAN",0
"2017-02-17 00:00:00",148,2.051,9.42,-6.258,66.69,91.2,38.92,0,0,0,"NAN",0
"2017-02-18 00:00:00",149,10.03,20.79,2.411,59.14,81.4,33.39,0,0,0,"NAN",0
"2017-02-19 00:00:00",150,10.13,20.01,3.734,70.57,99.5,39.08,0,0,0,"NAN",0
"2017-02-20 00:00:00",151,10.61,19.22,5.824,86.4,100,46.24,0,0,0,"NAN",0
"2017-02-21 00:00:00",152,7.945,21.13,-100,71.92,100,-100,0,0,0,"NAN",0
"2017-02-22 00:00:00",153,12.77,15.6,9.31,90.7,98.7,81.3,0,0,0,"NAN",0
"2017-02-23 00:00:00",154,12.91,21.08,5.784,87.4,100,59.57,0,0,0,"NAN",0
"2017-02-24 00:00:00",155,11.06,14.71,5.966,94,100,85.4,0,0,0,"NAN",0
"2017-02-25 00:00:00",156,12.09,20.34,2.581,80.1,95.5,63.43,0,0,0,"NAN",0
"2017-02-26 00:00:00",157,-2.587,2.581,-6.683,71.22,95.5,46.79,0,0,0,"NAN",2
"2017-02-27 00:00:00",158,-0.38,8.83,-9.22,59.95,85.9,30.24,0,0,0,"NAN",0
"2017-02-28 00:00:00",159,6.998,14.25,-2.791,70.61,91.5,46.64,0,0,0,"NAN",2
"2017-03-01 00:00:00",160,12.63,16.84,7.298,93.3,99.7,80.7,0,0,0,"NAN",6
"2017-03-02 00:00:00",161,6.389,16.84,-0.482,84.2,97.6,67.12,0,0,0,"NAN",55
"2017-03-03 00:00:00",162,-0.127,4.057,-3.662,72.77,89,41.48,0,0,0,"NAN",0
"2017-03-04 00:00:00",163,-1.811,2.531,-7.15,61.52,81.6,36.9,0,0,0,"NAN",0
"2017-03-05 00:00:00",164,3.888,12.1,-1.899,60.97,78.32,42.11,0,0,0,"NAN",0
"2017-03-06 00:00:00",165,8.71,18.3,0.074,67.39,82,30.01,0,0,0,"NAN",0
"2017-03-07 00:00:00",166,12.48,16.2,9.54,88.3,97.7,77.79,0,0,0,"NAN",0
"2017-03-08 00:00:00",167,8.65,16.99,1.398,72.07,97.9,34.61,0,0,0,"NAN",50
"2017-03-09 00:00:00",168,6.788,13.93,0.276,55.49,80.8,27.34,0,0,0,"NAN",0
"2017-03-10 00:00:00",169,5.483,13.46,-0.746,58.54,81.8,33.46,0,0,0,"NAN",0
"2017-03-11 00:00:00",170,-0.293,3.299,-3.226,44.06,76.19,24.22,0,0,0,"NAN",0
"2017-03-12 00:00:00",171,-2.851,0.913,-5.405,35.98,48.38,24.56,0,0,0,"NAN",0
"2017-03-13 00:00:00",172,-1.872,1.904,-7.861,47.49,70.71,30.25,0,0,0,"NAN",0
"2017-03-14 00:00:00",173,-2.819,-0.452,-5.264,89.6,96.3,51.89,0,0,0,"NAN",13
"2017-03-15 00:00:00",174,-5.65,-2.406,-9.4,78.41,93.6,56.51,0,0,0,"NAN",0
"2017-03-16 00:00:00",175,-6.087,-1.636,-10.44,67.46,86.8,50.11,0,0,0,"NAN",0
"2017-03-17 00:00:00",176,-0.645,6.612,-9.51,65.53,94,34.13,0,0,0,"NAN",0
"2017-03-18 00:00:00",177,5.667,11.51,2.168,85.6,99.8,58.19,0,0,0,"NAN",2
"2017-03-19 00:00:00",178,2.708,5.037,0.286,78.67,90.3,69.78,0,0,0,"NAN",0
"2017-03-20 00:00:00",179,5.538,12.75,-2.224,69.97,96,42.62,0,0,0,"NAN",0
"2017-03-21 00:00:00",180,10.78,20.29,5.37,77.12,95.3,51.13,0,0,0,"NAN",21
"2017-03-22 00:00:00",181,6.25,12.02,-0.381,73.99,95,42.35,0,0,0,"NAN",0
"2017-03-23 00:00:00",182,0.223,5.36,-3.601,62.17,86.7,36.92,0,0,0,"NAN",0
"2017-03-24 00:00:00",183,4.022,8.85,-2.081,62.02,78.62,40.86,0,0,0,"NAN",0
"2017-03-25 00:00:00",184,16.51,24.75,7.853,68.63,89,47.51,0,0,0,"NAN",0
"2017-03-26 00:00:00",185,16.07,20.71,12.7,78.26,94.1,53.25,0,0,0,"NAN",0
"2017-03-27 00:00:00",186,13.17,16.18,7.349,83.8,94.9,61.41,0,0,0,"NAN",0
"2017-03-28 00:00:00",187,10.76,16.56,5.502,91.5,100,63.17,0,0,0,"NAN",8
"2017-03-29 00:00:00",188,8.24,13.85,5.269,82.5,97.9,63.09,0,0,0,"NAN",0
"2017-03-30 00:00:00",189,10.11,13.59,5.743,78.89,94.4,56.63,0,0,0,"NAN",3
"2017-03-31 00:00:00",190,12.13,18.55,8.15,93.1,99.5,77.11,0,0,0,"NAN",84
"2017-04-01 00:00:00",191,5.661,10.13,3.885,94.6,100,88.7,0,0,0,"NAN",0
"2017-04-02 00:00:00",192,7.556,13.27,1.884,78.06,94.4,53.81,0,0,0,"NAN",0
"2017-04-03 00:00:00",193,10.48,17.47,4.228,76.17,98.3,46.78,0,0,0,"NAN",0
"2017-04-04 00:00:00",194,13.17,18.26,10.32,87,97.4,71.34,0,0,0,"NAN",28
"2017-04-05 00:00:00",195,10.73,13.41,8.45,88.8,97.3,72.93,0,0,0,"NAN",0
"2017-04-06 00:00:00",196,7.389,10.78,3.582,94.8,98.9,84.6,0,0,0,"NAN",112
"2017-04-07 00:00:00",197,6.186,10.42,2.592,77.23,95.2,56.5,0,0,0,"NAN",8
"2017-04-08 00:00:00",198,6.432,12.78,-0.097,58.23,87,27.68,0,0,0,"NAN",0
"2017-04-09 00:00:00",199,11.03,19.56,0.145,60.29,89.5,35.72,0,0,0,"NAN",0
"2017-04-10 00:00:00",200,17.35,24.4,9.85,58.31,70.11,47.98,0,0,0,"NAN",0
"2017-04-11 00:00:00",201,17.4,20.13,12.73,77.31,96.4,56.67,0,0,0,"NAN",11
"2017-04-12 00:00:00",202,10.02,13.24,5.724,78.89,96.3,59.44,0,0,0,"NAN",0
"2017-04-13 00:00:00",203,11.36,19.2,2.218,66.32,97.8,32.99,0,0,0,"NAN",0
"2017-04-14 00:00:00",204,17.21,26.5,6.885,63.95,88.9,43.13,0,0,0,"NAN",0
"2017-04-15 00:00:00",205,18.44,28.37,9.5,72.3,95.7,33.25,0,0,0,"NAN",0
"2017-04-16 00:00:00",206,20.63,27.78,14.15,63.31,90.8,36.19,0,0,0,"NAN",0
"2017-04-17 00:00:00",207,17,20.78,13.3,77.58,97.7,53.54,0,0,0,"NAN",20
"2017-04-18 00:00:00",208,15.4,20.7,10.77,53.37,79.08,32.91,0,0,0,"NAN",0
"2017-04-19 00:00:00",209,16.96,25.04,7.732,61.28,95.7,37.29,0,0,0,"NAN",0
"2017-04-20 00:00:00",210,21,27.64,13.79,72.8,97.9,44.09,0,0,0,"NAN",0
"2017-04-21 00:00:00",211,19.44,27.4,9.98,68.74,87.1,46.29,0,0,0,"NAN",0
"2017-04-22 00:00:00",212,9.64,14.03,6.481,64.17,80.6,47.67,0,0,0,"NAN",0
"2017-04-23 00:00:00",213,9.87,16.8,4.835,56.01,78.89,32,0,0,0,"NAN",0
"2017-04-24 00:00:00",214,12.95,22,2.875,40.72,68.38,20.62,0,0,0,"NAN",0
"2017-04-25 00:00:00",215,16.06,24.86,6.007,36.87,63.33,14.7,0,0,0,"NAN",0
"2017-04-26 00:00:00",216,18.89,26.58,8.29,57.95,89.2,35.31,0,0,0,"NAN",0
"2017-04-27 00:00:00",217,19.39,26.7,14.4,71.24,99.2,39.69,0,0,0,"NAN",60
"2017-04-28 00:00:00",218,8.96,14.57,6.43,87.8,97.1,73.72,0,0,0,"NAN",15
"2017-04-29 00:00:00",219,10.46,12.44,6.673,93.7,99.7,86.1,0,0,0,"NAN",23
"2017-04-30 00:00:00",220,11.64,14.99,7.904,98.7,100,95.9,0,0,0,"NAN",142
"2017-05-01 00:00:00",221,16.19,19.78,12.06,97.2,100,72.12,0,0,0,"NAN",145
"2017-05-02 00:00:00",222,10.13,16.51,6.228,80.5,91.9,63.19,0,0,0,"NAN",0
"2017-05-03 00:00:00",223,9.4,13.81,5.138,72.78,86.5,53.77,0,0,0,"NAN",0
"2017-05-04 00:00:00",224,7.421,9.96,3.198,85,95.9,68.98,0,0,0,"NAN",28
"2017-05-05 00:00:00",225,7.21,7.984,6.076,94.8,98.7,86.2,0,0,0,"NAN",160
"2017-05-06 00:00:00",226,9.84,16.07,4.714,74.11,97.5,41.6,0,0,0,"NAN",0
"2017-05-07 00:00:00",227,10.47,16.05,4.936,76.28,98.3,46.04,0,0,0,"NAN",16
"2017-05-08 00:00:00",228,10.26,17.43,3.663,58.28,96,35.41,0,0,0,"NAN",0
"2017-05-09 00:00:00",229,11.33,18.07,3.723,67.68,87.7,43.83,0,0,0,"NAN",0
"2017-05-10 00:00:00",230,16.91,26.9,8.98,79.1,96.2,55.49,0,0,0,"NAN",0
"2017-05-11 00:00:00",231,18.94,27.48,11.65,83.3,98.5,54.75,0,0,0,"NAN",36
"2017-05-12 00:00:00",232,14.17,17.27,11.39,92.1,100,80.9,0,0,0,"NAN",0
"2017-05-13 00:00:00",233,15.3,21.82,8.83,69.54,96.4,41.78,0,0,0,"NAN",0
"2017-05-14 00:00:00",234,17.71,26.11,8.67,61.08,90.5,35.05,0,0,0,"NAN",0
"2017-05-15 00:00:00",235,21.22,29.1,13.04,58.14,84.4,30.03,0,0,0,"NAN",0
"2017-05-16 00:00:00",236,22.37,30.32,13.47,61.28,91.3,33.52,0,0,0,"NAN",0
"2017-05-17 00:00:00",237,23.3,29.72,14.49,61.77,90.8,37.92,0,0,0,"NAN",0
"2017-05-18 00:00:00",238,23.84,28.93,18.35,62.15,87.3,40.12,0,0,0,"NAN",0
"2017-05-19 00:00:00",239,24.37,31.86,15.48,64.01,92,37.34,0,0,0,"NAN",37
"2017-05-20 00:00:00",240,12.16,15.5,10.09,92.4,99.5,79.2,0,0,0,"NAN",49
"2017-05-21 00:00:00",241,17.47,25.97,10.85,90.8,100,67.36,0,0,0,"NAN",92
"2017-05-22 00:00:00",242,14.68,19.8,7.661,78.34,97.1,58.98,0,0,0,"NAN",0
"2017-05-23 00:00:00",243,15.4,22.57,6.945,70.54,98.4,38.95,0,0,0,"NAN",0
"2017-05-24 00:00:00",244,16.01,21.08,13.04,82.1,98.1,56.92,0,0,0,"NAN",17
"2017-05-25 00:00:00",245,13.77,15.56,12.72,95.1,99.2,87.3,0,0,0,"NAN",12
