"TOA5","WeatherNE","CR1000","16311","CR1000.Std.15","CPU:WeatherNE060314.CR1","9958","DayAvg"
"TIMESTAMP","RECORD","AirTC_Avg","AirTC_Max","AirTC_Min","RH1_Avg","RH1_Max","RH1_Min","WindSpd_Avg","WindSpd_Max","WindSpd_Min","WindDir_Avg","RAIN_Tot"
"TS","RN","Deg C","Deg C","Deg C","","","","","","","",""
"","","Avg","Max","Min","Avg","Max","Min","Avg","Max","Min","Avg","Tot"
"2014-06-12 00:00:00",0,19.23,22.15,16.77,89.7,97.5,79.2,3.475,8.21,0.08,271.2,0
"2014-06-13 00:00:00",1,20.37,26.68,14.59,83.8,100,56.55,4.106,10.74,1.06,277.5,0
"2014-06-14 00:00:00",2,17.43,22.33,11.49,59.43,89.5,32.83,3.538,8.79,0.17,278.3,0
"2014-06-15 00:00:00",3,17.47,24.11,8.91,62.14,95.3,35.84,3.206,8.06,0.05,152.3,0
"2014-06-16 00:00:00",4,21.77,28.21,12.32,72.45,90.6,52.25,5.338,14.28,1.5,181.1,0
"2014-06-17 00:00:00",5,24.84,29.5,19.78,81.4,98.3,63.74,2.903,8.61,0.04,194.4,0
"2014-06-18 00:00:00",6,26.13,31.15,20.88,76.8,94.2,59.08,5.056,13.61,1.01,209.5,0
"2014-06-19 00:00:00",7,25.21,31.37,20.34,82.5,95.9,62.01,3.053,7.88,0.31,206.6,0
"2014-06-20 00:00:00",8,25.83,31.88,20.92,80.3,96.9,54.58,2.581,13.75,0.01,211.5,0
"2014-06-21 00:00:00",9,23.77,29.38,19.42,85.1,99.2,59.41,2.509,8.91,0.01,269.3,0
"2014-06-22 00:00:00",10,22.95,30.17,17.49,83.1,97.9,52.93,1.965,15.87,0.01,192.3,0
"2014-06-23 00:00:00",11,22.93,29.56,16.58,85.5,100,58.09,1.728,11.82,0.03,204.7,0
"2014-06-24 00:00:00",12,23.93,30.5,19.24,86.3,99.3,62.72,2.885,9.25,0.03,191.5,0
"2014-06-25 00:00:00",13,21.93,26.24,18.23,92.1,99.7,73.69,1.625,7.92,0.03,190,0
"2014-06-26 00:00:00",14,23.19,28.42,17.79,78.4,97,51.27,2.635,6.74,0.03,256.4,0
"2014-06-27 00:00:00",15,22.49,29.31,18.2,86.1,100,47.28,2.44,1000,0.05,99.6,0
"2014-06-28 00:00:00",16,23.32,29.19,17.77,85.5,99.9,61.79,2.46,7.66,0.4,162.1,0
"2014-06-29 00:00:00",17,23.91,28.52,19.98,87.4,98.4,69.08,3.435,9.73,0.27,180.7,0
"2014-06-30 00:00:00",18,23.8,28.12,21.08,88.4,96.9,72.83,3.827,8.45,0.99,199.6,0
"2014-07-01 00:00:00",19,24.24,29.62,18.47,90.2,98.8,78,4.11,21.22,0.07,193.1,0
"2014-07-02 00:00:00",20,22.53,28.22,18.51,83.4,99,54.01,3.194,9.19,0.09,235.6,0
"2014-07-03 00:00:00",21,18,21.06,15.08,85.7,98.6,68.78,3.268,9.39,0.79,285.4,0
"2014-07-04 00:00:00",22,17.89,22.99,14.29,78.72,98.3,50.81,2.719,6.51,0.13,230.2,0
"2014-07-05 00:00:00",23,18.59,25.5,10.97,73.14,98.2,42.52,1.152,5.01,0.01,173.3,0
"2014-07-06 00:00:00",24,19.88,25.18,13.08,76.14,98,48.15,2.01,7,0,185.3,0
"2014-07-07 00:00:00",25,22.95,28.34,16.52,84.9,96.5,72.57,3.487,9.36,0.11,209.2,0
"2014-07-08 00:00:00",26,24.55,29.99,21.04,88.5,99.2,62.58,3.503,8.84,0.53,238.4,0
"2014-07-09 00:00:00",27,21.89,26.82,16.36,82.8,99.1,54.15,4.265,10.95,0.19,265.4,0
"2014-07-10 00:00:00",28,20.35,25.6,14.69,75.06,98.8,46.46,2.721,9.19,0.62,286,0
"2014-07-11 00:00:00",29,19.37,25.08,13.86,74.35,96,43.55,1.749,5.35,0.17,65.3,0
"2014-07-12 00:00:00",30,21.1,27.54,12.78,74.81,97.5,44.43,1.741,6.22,0.02,128.7,0
"2014-07-13 00:00:00",31,23.01,28.22,19.47,92.8,99.9,82.4,3.037,8.54,0,183.6,0
"2014-07-14 00:00:00",32,23.82,28.58,19.04,86.4,99,63.7,2.602,10.93,0.05,268,0
"2014-07-15 00:00:00",33,21.26,28.95,15.93,82.8,99.2,58.13,2.645,19.04,0.01,251.1,0
"2014-07-16 00:00:00",34,15.64,21.37,10.25,77.7,97.8,55.43,3.579,9.7,0.58,301.1,0
"2014-07-17 00:00:00",35,16.41,22.39,10.49,78.34,99.2,46.67,1.828,5.91,0.13,203,0
"2014-07-18 00:00:00",36,17.73,24.75,10.42,81.1,99.3,50.8,1.281,4.02,0.03,191.9,0
"2014-07-19 00:00:00",37,18.67,24.36,13.73,81.9,98,55.16,1.363,5.22,0.02,92,5
"2014-07-20 00:00:00",38,18.35,24.79,11.03,84.9,100,54.02,1.083,4.32,0,123.6,0
"2014-07-21 00:00:00",39,19.32,25.89,12.4,85.3,100,58.25,0.776,3.01,0.01,183,0
"2014-07-22 00:00:00",40,21.36,28.36,13.6,83.5,100,57.14,1.188,4.2,0.02,153.3,0
"2014-07-23 00:00:00",41,23.28,29.62,15.41,84.8,99.7,62.11,2.244,7.92,0.07,217.2,0
"2014-07-24 00:00:00",42,20.62,24.54,13.59,75.66,94.6,50.34,3.81,10.98,0.24,95.8,0
"2014-07-25 00:00:00",43,17.7,24.13,11.93,77.62,95.8,52.29,2.529,6.93,0.1,71.71,0
"2014-07-26 00:00:00",44,17.16,22.63,11.37,88.3,99.2,66.98,2.049,8.31,0.01,144.3,5
"2014-07-27 00:00:00",45,22.22,28.62,18.27,90.2,99.9,76.92,2.386,15.6,0.06,215.9,72
"2014-07-28 00:00:00",46,22.6,28.69,17.33,81.3,100,51.38,3.86,14.72,0,269.5,65
"2014-07-29 00:00:00",47,17.27,22.27,11.57,78.45,96.6,52.9,3.268,8.39,0.1,254.1,0
"2014-07-30 00:00:00",48,17.84,24.27,11.58,79.11,97.5,54.22,3.017,9.05,0.68,284,0
"2014-07-31 00:00:00",49,19.13,25.9,12.88,81.9,99.1,51.65,2.592,7.36,0.65,270.7,0
"2014-08-01 00:00:00",50,19.81,27.16,13.19,81.7,100,47.33,1.378,4.41,0,238.5,0
"2014-08-02 00:00:00",51,19.68,27.29,14.15,86.3,99.2,56.54,1.356,1000,0,198.5,0
"2014-08-03 00:00:00",52,19.99,26.53,13.05,81.7,98.9,49.2,1.342,4.55,0.02,162.1,0
"2014-08-04 00:00:00",53,21.1,28.36,13.81,81.3,99.5,50.21,1.095,4.53,0.01,232.5,0
"2014-08-05 00:00:00",54,21.77,28.89,13.97,81.5,99.8,55.04,1.411,4.83,0,208.9,0
"2014-08-06 00:00:00",55,22.2,26.97,17.85,85.9,98.8,66.26,1.942,5.93,0.07,186.9,0
"2014-08-07 00:00:00",56,20.53,24.06,17.35,90,99.2,73.62,1.424,4.4,0.05,104.5,0
"2014-08-08 00:00:00",57,19.5,23.1,15.51,89.3,96.4,81.6,2.487,7.12,0.59,105.5,0
"2014-08-09 00:00:00",58,19.38,22.49,16.89,90.2,96.6,72.44,2.894,7.66,0.33,97.1,0
"2014-08-10 00:00:00",59,21.1,25.11,17.39,82.7,92.1,74.64,2.429,7.32,0.27,59.47,0
"2014-08-11 00:00:00",60,21.46,26.66,18.07,90.4,99.7,78.47,1.548,4.5,0.04,99,0
"2014-08-12 00:00:00",61,21.59,27.32,17.7,89.3,99.8,64.33,2.455,10.98,0.02,279.2,0
"2014-08-13 00:00:00",62,18,21.85,15.86,84.8,98.5,62.66,3.309,10.38,0.06,266.6,0
"2014-08-14 00:00:00",63,19.41,25.56,12.4,76.79,98.5,46.92,2.417,1000,0.29,285.6,0
"2014-08-15 00:00:00",64,19.64,26.02,11.83,79.21,96,49.91,2.263,7.08,0.03,168.2,0
"2014-08-16 00:00:00",65,16.9,23.31,8.69,80.7,98.8,49.31,1.352,4.09,0.01,115.2,0
"2014-08-17 00:00:00",66,20.38,24.93,16.35,91.1,97.6,77.32,2.217,6.26,0.19,185.1,0
"2014-08-18 00:00:00",67,21,25.54,17.98,91.9,99.1,78.01,2.36,6.05,0.3,75.08,0
"2014-08-19 00:00:00",68,21.18,27.86,17.48,92,100,64.75,1.612,5.23,0.06,145.3,0
"2014-08-20 00:00:00",69,22.37,29.18,16.42,89.7,100,70.42,2.38,10.28,0.02,233.2,0
"2014-08-21 00:00:00",70,21.1,26.42,15.66,94.3,100,75.93,1.963,7.25,0.14,227.3,0
"2014-08-22 00:00:00",71,25.29,31.48,19.92,88.6,99,68.82,6.488,1000,0.27,225.4,0
"2014-08-23 00:00:00",72,24.06,28.29,21.53,93,99.5,74.86,4.432,1000,0,157.6,0
"2014-08-24 00:00:00",73,22.96,30.79,20.24,96.8,100,73.73,10.83,1000,0.06,113,0
"2014-08-25 00:00:00",74,24.8,30.78,19.23,92.2,100,75.52,40.58,1000,0.1,154.9,0
"2014-08-26 00:00:00",75,25.16,33.51,18.5,88.1,100,63.23,10.71,1000,0,180,0
"2014-08-27 00:00:00",76,24,31.76,17.4,87.2,100,64.55,1.913,10.34,0.01,212.7,0
"2014-08-28 00:00:00",77,22.94,29.62,18.13,88.4,99.5,66.82,1.619,5.2,0.03,107.9,0
"2014-08-29 00:00:00",78,22.14,28.11,17.25,86.8,98.7,65.33,1.856,8.86,0.12,95.6,0
"2014-08-30 00:00:00",79,23.9,30.29,19.98,89.1,99.3,63.85,4.983,1000,0.13,154,0
"2014-08-31 00:00:00",80,23.84,28.5,20.82,88.7,98.2,72.59,3.368,9.82,0.59,197.5,0
"2014-09-01 00:00:00",81,23.79,29.13,20.71,90.2,99.9,68.65,2.09,6.68,0.07,199.5,0
"2014-09-02 00:00:00",82,23.02,27.99,19.3,87.7,100,61.18,3.587,11.41,0.33,215.3,0
"2014-09-03 00:00:00",83,21.11,26.56,17.04,91.8,100,68.81,2.145,6.75,0.15,237.2,0
"2014-09-04 00:00:00",84,21.86,28.52,15.61,83.1,100,51.31,1.859,5.15,0.03,213.1,0
"2014-09-05 00:00:00",85,23.8,31.02,17.07,87.3,99.6,69.01,2.639,9.25,0.09,188.4,0
"2014-09-06 00:00:00",86,25.13,33.3,16.99,84.4,100,55.09,2.828,12.79,0.14,222.8,4
"2014-09-07 00:00:00",87,17.49,23.37,12.45,84,97.9,51.81,2.551,6.44,0.48,203.7,0
"2014-09-08 00:00:00",88,16.52,24.3,9.17,76.01,98.7,43.31,1.57,5.75,0.14,79.93,0
"2014-09-09 00:00:00",89,17.75,25.72,9.52,75.69,99,40.52,1.658,5.81,0.01,134.2,0
"2014-09-10 00:00:00",90,17.37,21.04,12.51,93.4,99.2,77.49,2.218,9.38,0,153.3,0
"2014-09-11 00:00:00",91,21.1,25.15,16.61,95.6,100,88.5,4.162,12.09,0.81,219.8,0
"2014-09-12 00:00:00",92,12.46,16.61,10.3,90.6,97.2,84.3,3.127,7.34,0.38,167.8,0
"2014-09-13 00:00:00",93,11.38,15.08,7.5,86,98,70.14,3.103,10.75,0.27,134.6,0
"2014-09-14 00:00:00",94,9.17,15.71,3.917,80.3,98.4,48.75,2.437,8.6,0.02,167.2,0
"2014-09-15 00:00:00",95,11.72,20.36,4.108,77.12,99,41.34,1.28,4.7,0.04,147.9,0
"2014-09-16 00:00:00",96,11.94,15.15,6.854,96.9,100,76.31,1.913,12.63,0.02,198.1,0
"2014-09-17 00:00:00",97,13.01,19.31,6.442,84,99.6,50.79,1.537,5.22,0.01,166.8,0
"2014-09-18 00:00:00",98,13.06,21.39,5.805,83.9,100,52.67,1.359,4.86,0.02,213.3,0
"2014-09-19 00:00:00",99,15.05,22.77,7.086,72.49,100,33.16,1.965,7.38,0.01,95.1,0
"2014-09-20 00:00:00",100,15.85,24.13,8.58,72.84,97,35.24,2.604,8.56,0.68,131.9,0
"2014-09-21 00:00:00",101,19.03,28.75,9.81,88.5,99.7,58.36,2.753,11.93,0,207.2,0
"2014-09-22 00:00:00",102,17.02,21.66,10.22,77.11,99.7,47.57,4.167,11.91,0.59,277.6,0
"2014-09-23 00:00:00",103,12.76,20.33,7.309,76.81,100,39.18,1.683,5.64,0.03,175.4,0
"2014-09-24 00:00:00",104,13.88,22.97,4.997,74.76,99.4,35.38,1.378,5.55,0.01,108.9,0
"2014-09-25 00:00:00",105,15.11,24.23,7.44,74.21,98.9,32.34,1.949,6.49,0.11,114.3,0
"2014-09-26 00:00:00",106,16.21,25.91,8.51,77.66,99.1,39.44,0.985,5.92,0,117.5,0
"2014-09-27 00:00:00",107,18.43,27.41,10.52,69.81,98.2,30.04,1.355,5.1,0.02,79.11,0
"2014-09-28 00:00:00",108,19.39,27.92,12.54,68.38,92.8,31.92,1.645,6.04,0.04,79.02,0
"2014-09-29 00:00:00",109,18.86,27.85,10.22,69.29,98.9,33.25,1.208,5.36,0.05,123.3,0
"2014-09-30 00:00:00",110,19.18,28.5,10.69,71.66,97.7,38.29,1.353,5.46,0.02,209.1,0
"2014-10-01 00:00:00",111,15.34,21.79,9.71,80.8,99.4,57.73,2.687,6.66,0.22,62.31,0
"2014-10-02 00:00:00",112,17.87,27.86,8.17,75.34,98.1,43.45,2.406,7.01,0.12,130.7,0
"2014-10-03 00:00:00",113,19.44,23.76,17.19,94.4,100,77.72,3.29,11.68,0.19,174,0
"2014-10-04 00:00:00",114,12.23,18.06,6.028,87,100,64.16,5.013,13.36,0.56,270.6,0
"2014-10-05 00:00:00",115,5.742,9.44,2.309,74.15,94.6,58.6,4.239,11.63,0.4,264.9,0
"2014-10-06 00:00:00",116,8.51,16.73,0.6,77.31,98.3,49.49,1.787,7.54,0.06,197.6,0
"2014-10-07 00:00:00",117,11.53,18.53,4.916,79.28,99.8,44.78,3.015,12.19,0.22,235.6,0
"2014-10-08 00:00:00",118,13.75,22.15,6.31,79.83,99.8,42.2,2.883,9.62,0.03,240.1,0
"2014-10-09 00:00:00",119,11.51,20.08,4.814,71.1,97.3,34.3,2.557,8.98,0.14,273.2,0
"2014-10-10 00:00:00",120,11.73,13.55,8.39,90.4,97.5,68.92,1.073,7.15,0.02,132.9,0
"2014-10-11 00:00:00",121,10.2,13.04,7.157,68.65,96.1,47.64,2.497,6.6,0.4,54.16,0
"2014-10-12 00:00:00",122,8.51,15.68,3.299,74.14,92.6,41.75,2.121,6.45,0.38,63.23,0
"2014-10-13 00:00:00",123,10.17,15.56,3.159,91.1,100,69.18,2.745,6.9,0.47,118.7,0
"2014-10-14 00:00:00",124,17.53,21.64,14.68,97,100,83.5,3.789,12.43,0.02,149.9,0
"2014-10-15 00:00:00",125,14.39,17.33,12.04,94.2,100,74.93,3.092,10.07,0.2,176,0
"2014-10-16 00:00:00",126,11.26,12.34,10.52,99.3,100,96,2.726,7.61,0.14,256.9,0
"2014-10-17 00:00:00",127,11.85,14.57,9.52,94.8,100,83.8,2.412,5.8,0.29,247.1,0
"2014-10-18 00:00:00",128,12.34,16.62,7.45,80.4,100,63.18,3.873,10.92,0.37,275.5,0
"2014-10-19 00:00:00",129,9.35,11.75,7.097,82.2,92.8,67.08,3.243,9.4,0.42,289.4,0
"2014-10-20 00:00:00",130,7.384,14.19,-0.3,88.6,100,59.51,1.878,7.73,0.15,208.7,0
"2014-10-21 00:00:00",131,12.96,20.32,6.491,75.24,98.2,46.62,2.928,9.28,0.31,240.6,0
"2014-10-22 00:00:00",132,9.87,15.26,5.604,77.51,100,43.71,2.703,7.5,0.29,146,0
"2014-10-23 00:00:00",133,7.143,15.13,1.541,77.41,96.8,45.03,1.547,5.72,0.03,84,0
"2014-10-24 00:00:00",134,7.749,15.68,-0.532,83.7,100,54.7,1.567,5.85,0,165.8,0
"2014-10-25 00:00:00",135,12.28,20.52,6.733,89.5,100,58.41,1.592,7,0.02,215.9,2
"2014-10-26 00:00:00",136,15.34,25.31,7.542,73.23,100,32.43,2.583,6.63,0.34,279.7,0
"2014-10-27 00:00:00",137,13.09,20.72,4.189,49.04,83.2,20.06,2.014,5.18,0.07,155.9,0
"2014-10-28 00:00:00",138,19.09,24.45,10.91,67,97.8,41.71,3.898,10.55,0.39,194.8,0
"2014-10-29 00:00:00",139,12.71,18.93,2.956,72.25,98.5,42.56,3.797,11,0.51,263.1,41
"2014-10-30 00:00:00",140,4.975,10.89,-0.34,79.72,97.5,55.44,2.603,9.01,0.06,281.9,0
"2014-10-31 00:00:00",141,5.523,13.8,-2.284,86.5,99.8,49.84,1.386,5.62,0.01,237,6
"2014-11-01 00:00:00",142,3.827,7.066,0.358,70.24,98,52.15,6.526,18.77,0.45,320.5,0
"2014-11-02 00:00:00",143,2.112,8.48,-4.524,67.57,95.3,41.27,3.617,9.53,0.14,159.2,0
"2014-11-03 00:00:00",144,3.595,12.01,-6.399,66.68,98,32.11,2.904,9,0.04,162.3,0
"2014-11-04 00:00:00",145,10.95,19.09,3.714,52.52,69.55,36.17,4.254,11.45,0.63,199.6,0
"2014-11-05 00:00:00",146,8.28,12.36,3.987,88.9,99.6,53.4,3.559,9.84,0.66,240.9,40
"2014-11-06 00:00:00",147,7.496,15.66,2.33,85.7,100,42.7,2.297,7.73,0.27,214.7,0
"2014-11-07 00:00:00",148,5.7,8.63,1.804,80.4,97,63.84,5.746,14.9,0.31,294.9,0
"2014-11-08 00:00:00",149,3.16,8.39,-3.044,76.35,94.7,57.09,2.226,6.27,0.02,231,0
"2014-11-09 00:00:00",150,4.202,8.43,-1.312,79.57,93.2,59.5,3.553,12.94,0.54,267.3,0
"2014-11-10 00:00:00",151,3.396,12.36,-3.408,80.3,96.7,48.46,2.688,10.83,0.2,211.6,0
"2014-11-11 00:00:00",152,9.84,17.48,3.866,75.83,94.6,50.91,4.97,14.34,0.41,177.7,0
"2014-11-12 00:00:00",153,3.744,10.18,0.126,87,96.2,74.76,5.228,12.98,0.45,264.1,5
"2014-11-13 00:00:00",154,-2.666,0.155,-5.73,74.77,83.7,65.96,4.219,8.66,1.16,304.5,0
"2014-11-14 00:00:00",155,-4.971,-2.122,-9.04,79.49,95.5,59.99,3.921,9.02,1.03,293.4,0
"2014-11-15 00:00:00",156,-6.148,-1.282,-9.63,80,95.2,56.95,2.361,6.47,0.02,275.7,0
"2014-11-16 00:00:00",157,-4.163,2.198,-11.22,79.15,94.9,49.62,1.455,5.44,0.04,201.8,0
"2014-11-17 00:00:00",158,-1.839,0.711,-4.656,93.8,98.4,77.52,1.846,8.6,0.05,224.7,0
"2014-11-18 00:00:00",159,-8.01,-4.646,-11.66,76.73,89.8,58.28,6.633,15.39,2,286.5,0
"2014-11-19 00:00:00",160,-10.81,-7.556,-13.39,78.64,88.9,65.34,4.594,13.35,0.48,247.5,0
"2014-11-20 00:00:00",161,-3.656,1.986,-10.75,74.83,86.6,64.11,6.62,1000,1.26,245.2,0
"2014-11-21 00:00:00",162,-5.147,-0.32,-9.85,68.14,89.2,47.48,3.998,11.52,0.67,279.4,0
"2014-11-22 00:00:00",163,-4.169,1.783,-13.78,62.1,87.7,37.85,3.708,8.82,0.41,147.1,0
"2014-11-23 00:00:00",164,7.153,13.39,0.165,88.1,99.1,71.38,3.777,11.61,0.38,197.7,0
"2014-11-24 00:00:00",165,9.38,12.03,7.118,94.7,100,84.8,4.139,10.98,0.45,166,0
"2014-11-25 00:00:00",166,2.983,10.85,-0.644,91.7,100,79.74,6.67,17.28,0.09,253.1,0
"2014-11-26 00:00:00",167,-3.145,-0.522,-6.156,85.8,96.2,78.84,3.908,10.53,0.04,249.4,0
"2014-11-27 00:00:00",168,-4.267,-1.697,-8.31,92.1,96.7,83.8,2.742,6.52,0.82,85.9,0
"2014-11-28 00:00:00",169,-5.323,-2.284,-12.45,88,94.5,78.5,4.314,10.38,0.12,288.9,0
"2014-11-29 00:00:00",170,-2.481,3.482,-11.21,86.1,94.3,76.39,4.201,12.25,0.28,177.6,0
"2014-11-30 00:00:00",171,6.315,11.22,0.135,89.8,98.7,80.8,4.547,12.9,0.8,196.2,0
"2014-12-01 00:00:00",172,8.3,18.13,-1.069,93.2,100,78.09,5.135,14.16,0.98,254.8,0
"2014-12-02 00:00:00",173,-3.924,-0.766,-6.44,70.97,88.8,43.05,5.181,11.76,1.72,132,0
"2014-12-03 00:00:00",174,-2.181,0.003,-5.172,88.2,96.1,83.5,3.012,6.76,0.29,165,0
"2014-12-04 00:00:00",175,-0.626,4.734,-3.439,81.2,98.4,52.51,2.681,6.94,0.37,251,0
"2014-12-05 00:00:00",176,-1.496,0.226,-5.284,91.3,100,71.29,2.781,5.73,0.54,85.3,0
"2014-12-06 00:00:00",177,2.181,3.896,0.126,100,100,99.9,2.796,7.66,1,77.01,0
"2014-12-07 00:00:00",178,1.696,3.784,-2.314,93.3,100,82,4.134,9.23,1.09,85.1,0
"2014-12-08 00:00:00",179,-1.041,1.884,-3.723,92.8,97.9,84.2,3.081,8.37,0.6,97.1,0
"2014-12-09 00:00:00",180,1.564,3.966,-1.13,97,100,89.3,3.094,10.66,0.35,225.9,0
"2014-12-10 00:00:00",181,0.726,3.179,-0.886,94.6,99.3,85.5,4.931,10.6,1.34,301.5,0
"2014-12-11 00:00:00",182,0.219,1.277,-0.654,84.7,91.1,79.32,3.147,6.78,0.91,217.8,0
"2014-12-12 00:00:00",183,-2.179,-0.422,-6.217,86.6,98.3,80.3,2.364,5.97,0.13,281.4,0
"2014-12-13 00:00:00",184,-0.79,2.39,-6.358,95.5,99.8,90.3,1.823,6.07,0,256.3,0
"2014-12-14 00:00:00",185,4.935,9.62,-0.016,93.6,98.7,80.9,1.683,4.87,0.04,214.5,0
"2014-12-15 00:00:00",186,6.8,8.37,5.805,99.5,100,96.7,3.076,8.2,0.05,180.3,0
"2014-12-16 00:00:00",187,6.257,7.076,5.098,100,100,100,5.256,10.85,0.72,158.2,0
"2014-12-17 00:00:00",188,2.005,7.178,-3.48,96.5,100,90.1,7.106,15.2,0.76,275.8,0
"2014-12-18 00:00:00",189,-4.923,-3.338,-6.258,87.9,91.8,80.8,3.786,9.33,0.04,290.6,0
"2014-12-19 00:00:00",190,-3.759,-2.405,-6.095,87.8,95.1,80.9,1.241,3.66,0.01,216.1,0
"2014-12-20 00:00:00",191,-4.073,1.268,-8.55,89.9,98.7,71.94,1.083,3.95,0.01,163.8,0
"2014-12-21 00:00:00",192,-2.049,0.994,-5.334,92.6,99.8,77.65,1.727,4.61,0,143.4,0
"2014-12-22 00:00:00",193,0.054,4.047,-1.828,89.9,96.1,75.46,3.362,7.16,0.49,154.6,0
"2014-12-23 00:00:00",194,3.064,8.07,-1.738,97.7,100,91.9,5.376,12.28,1.51,133.6,0
"2014-12-24 00:00:00",195,6.734,8.79,3.412,96.3,100,83,2.305,8.63,0.07,201.5,0
"2014-12-25 00:00:00",196,2.711,5.744,1.116,98,100,94.9,4.289,10.04,0.39,257.4,0
"2014-12-26 00:00:00",197,2.794,6.895,0.327,89.4,97.2,77.82,4.312,9.75,0.25,210.9,0
"2014-12-27 00:00:00",198,5.286,11.19,0.084,92,97.5,78.3,3.528,9.12,0.49,192.4,0
"2014-12-28 00:00:00",199,4.439,8.5,-1.576,96.8,100,88.2,4.419,12.44,0.82,252.2,0
"2014-12-29 00:00:00",200,-2.85,-0.604,-5.75,84.5,96.7,61.37,2.503,7.34,0.05,248.8,0
"2014-12-30 00:00:00",201,-2.66,2.168,-7.232,84.2,100,62.02,2.276,5.92,0.3,59.37,0
"2014-12-31 00:00:00",202,-6.773,-3.338,-10.87,74.69,93.1,52.26,4.389,8.65,0.69,266,0
"2015-01-01 00:00:00",203,-9.68,-5.71,-13.63,68.26,81.2,48.5,3.91,8.41,0.55,262.6,0
"2015-01-02 00:00:00",204,-5.219,-0.138,-9.38,74.53,89.2,50.18,3.702,11.35,0.48,241.6,0
"2015-01-03 00:00:00",205,-1.564,3.229,-6.988,82.5,98.2,58.26,1.88,4.56,0.03,198.9,0
"2015-01-04 00:00:00",206,1.555,4.088,0.074,99.9,100,98.2,2.146,5.69,0.05,174.6,0
"2015-01-05 00:00:00",207,-4.948,0.954,-13.1,97.4,100,88.8,8.66,1000,0.05,281.3,0
"2015-01-06 00:00:00",208,-13.36,-10.64,-17.09,86.1,94.3,79.22,4.131,10.36,0.29,241.2,0
"2015-01-07 00:00:00",209,-11.75,-10.64,-13.55,88.8,94.4,80.2,3.887,12.36,0.84,200.3,0
"2015-01-08 00:00:00",210,-17.05,-10.87,-21.93,76.35,90.5,69.2,7.302,1000,0.77,308.4,0
"2015-01-09 00:00:00",211,-14.52,-4.777,-22.58,78.12,85.7,65.18,6.124,1000,0.31,224.7,0
"2015-01-10 00:00:00",212,-14.24,-9.07,-18.97,76.46,87.9,66.35,6.618,13.67,1.42,286.7,0
"2015-01-11 00:00:00",213,-11.2,-4.766,-20.97,75.76,88.3,60.31,3.978,11.51,0.29,204.4,0
"2015-01-12 00:00:00",214,-1.796,0.044,-5.224,84.7,100,70.38,2.584,6.7,0.13,193.9,0
"2015-01-13 00:00:00",215,-5.652,-0.249,-11.94,90.8,100,79.1,5.358,11.03,0.23,240.4,0
"2015-01-14 00:00:00",216,-12.66,-9.2,-17.32,88,92.3,85,3.701,7.78,0.9,46.58,0
"2015-01-15 00:00:00",217,-12.47,-7.617,-20.54,88.6,95.3,80.5,1.424,4.48,0.02,189.9,0
"2015-01-16 00:00:00",218,-5.006,2.067,-13.61,87.8,97.3,73.68,2.63,7.15,0.45,230.3,0
"2015-01-17 00:00:00",219,-1.769,3.138,-7.972,92.6,99.3,82,2.507,7.01,0.26,205.3,0
"2015-01-18 00:00:00",220,2.723,7.692,-0.684,89.1,95.3,78.2,4.48,11.43,0.77,211,0
"2015-01-19 00:00:00",221,1.739,5.764,-2.892,89,99,73.57,4.25,12.76,0.32,268.3,0
"2015-01-20 00:00:00",222,1.256,7.036,-4.158,91.2,98.9,71.93,1.618,4.74,0.04,114,0
"2015-01-21 00:00:00",223,1.721,6.37,-1.515,94,99.4,83.7,2.829,8.83,0.33,260,0
"2015-01-22 00:00:00",224,0.587,2.128,-2.102,94.8,100,85.8,3.923,10.31,0.33,259.9,0
"2015-01-23 00:00:00",225,0.33,2.734,-0.665,90.3,100,74.16,1.394,4.29,0,171.9,0
"2015-01-24 00:00:00",226,-1.295,-0.016,-4.493,88.9,97.8,77.14,1.725,5.84,0,228.7,0
"2015-01-25 00:00:00",227,0.85,6.875,-3.692,90.9,98.2,75.5,3.167,8.88,0.37,252.3,0
"2015-01-26 00:00:00",228,0.237,2.664,-3.014,95.6,99.6,89.1,4.141,14.01,0.06,82.3,0
"2015-01-27 00:00:00",229,-3.326,-1.91,-4.838,91.5,99.9,82.7,2.946,8.06,0.45,201.9,0
"2015-01-28 00:00:00",230,-2.493,-1.018,-7.506,95.1,100,84.9,2.867,1000,0,103.3,0
"2015-01-29 00:00:00",231,-2.273,2.168,-8.31,83.9,97.6,71.83,4.849,11,0.29,147.8,0
"2015-01-30 00:00:00",232,1.67,4.754,0.266,87.2,94.5,76.82,6.004,13.87,1.33,275.3,0
"2015-01-31 00:00:00",233,-2.474,0.55,-5.973,74.95,94.2,55.77,3.223,11.87,0.03,215.4,0
"2015-02-01 00:00:00",234,-1.077,3.471,-6.541,89.8,100,71.46,2.462,6.9,0.38,205.3,0
"2015-02-02 00:00:00",235,-1.036,0.813,-8.96,98.5,100,89.8,4.8,15.22,0.06,171.3,0
"2015-02-03 00:00:00",236,-10.49,-8.17,-12.55,84.8,95.2,75.16,5.257,15.39,0.22,290.3,0
"2015-02-04 00:00:00",237,-3.58,1.622,-12.03,87,94.9,74.07,3.455,9.09,0.29,203.8,0
"2015-02-05 00:00:00",238,-4.546,0.58,-12.11,89.6,97.3,77.45,5.352,12.46,0.27,294.2,0
"2015-02-06 00:00:00",239,-12.94,-7.982,-17.42,77.98,92.3,53.99,3.064,9.75,0.19,219.3,0
"2015-02-07 00:00:00",240,-3.71,1.46,-12.31,83,93.6,68.81,3.184,8.31,0.39,193.2,0
"2015-02-08 00:00:00",241,3.189,9.81,-2.376,90.1,97.2,76.88,3.231,8.35,0.36,199.5,0
"2015-02-09 00:00:00",242,5.094,11.99,-0.38,92.6,99.5,76.65,4.232,9.78,0.55,197.6,0
"2015-02-10 00:00:00",243,-2.228,-0.35,-3.135,93.7,99.6,87.2,5.533,11.87,1.24,140.1,0
"2015-02-10 00:00:00",243,-2.228,-0.35,-3.135,93.7,99.6,87.2,5.533,11.87,1.24,140.1,0
"2015-02-11 00:00:00",244,-1.71,2.208,-4.068,80.7,93.1,60.05,2.528,7.69,0.09,89.7,0
"2015-02-12 00:00:00",245,-1.089,1.804,-6.399,84.6,94,73.52,4.747,12.61,0.18,273.8,0
"2015-02-13 00:00:00",246,-9.77,-6.38,-12.62,73.6,85.5,59.44,6.919,16.71,0.18,295.9,0
"2015-02-14 00:00:00",247,-7.035,-1.96,-14.43,76.07,89.4,60.65,3.214,10.09,0.19,207.9,0
"2015-02-15 00:00:00",248,-8.15,-2.162,-15.79,63.85,87.4,41.95,8.03,20.08,1.32,290.8,0
"2015-02-16 00:00:00",249,-12.01,-7.474,-16.91,59.21,69.34,46.85,3.816,8.43,0.29,126,0
"2015-02-17 00:00:00",250,-10.35,-6.287,-14.55,65.48,85,45.19,3.115,6.28,0.05,139.1,0
"2015-02-18 00:00:00",251,-7.102,-1.474,-15.46,68.33,88,40.22,4.075,10.87,0.11,259.5,0
"2015-02-19 00:00:00",252,-13.61,-8.3,-17.54,73.02,89.8,59.65,6.226,13.51,1.13,310.5,0
"2015-02-20 00:00:00",253,-16.95,-12.82,-20.13,64.15,78.91,48.87,4.606,10.32,0.25,259,0
"2015-02-21 00:00:00",254,-12.56,-7.414,-20.25,71.02,93.3,55.05,5.818,13.04,0.42,156.2,0
"2015-02-22 00:00:00",255,-4.619,-1.302,-8.28,91.2,95.4,82,2.196,6.17,0.09,157.3,0
"2015-02-23 00:00:00",256,-7.5,-1.808,-14.47,75.82,88,60.66,6.241,11.78,1.97,329.6,0
"2015-02-24 00:00:00",257,-15.88,-9.48,-21.15,70.81,85.1,43.2,3.753,9.15,0.03,271.8,0
"2015-02-25 00:00:00",258,-12.64,-2.274,-27.14,81.4,90.7,69.61,4.981,15.85,0.55,228.1,0
"2015-02-26 00:00:00",259,-5.136,-1.13,-12.59,76.93,95.7,56.04,3.047,8.89,0.11,143.6,0
"2015-02-27 00:00:00",260,-8.46,-5.02,-12.68,84.5,95.7,72.52,5.843,10.01,2.8,144.2,0
"2015-02-28 00:00:00",261,-14.96,-10.7,-21.97,76.04,87.9,62.63,2.663,8.25,0.08,225.9,0
"2015-03-01 00:00:00",262,-9.63,-5.081,-16.44,80.7,96.3,62.21,3.132,6.47,1.12,100.3,0
"2015-03-02 00:00:00",263,-5.989,-3.327,-10.18,92.6,96.8,84.9,1.998,6.9,0,177,0
"2015-03-03 00:00:00",264,-6.709,-3.713,-11.09,84.6,94.3,74.17,2.438,6.78,0.34,176.8,0
"2015-03-04 00:00:00",265,-0.273,2.168,-4.382,94.4,100,81.7,10.78,1000,1.35,216.1,0
"2015-03-05 00:00:00",266,-6.988,0.469,-9.94,76.54,89.8,65.47,6.236,12.2,1.5,331,0
"2015-03-06 00:00:00",267,-12.89,-9.79,-21.11,72.53,89.4,58.99,4.43,9.88,0.12,290.1,0
"2015-03-07 00:00:00",268,-12.08,-4.006,-23.99,83.3,93.4,68.24,4.782,11.81,0.36,199.7,0
"2015-03-08 00:00:00",269,0.57,3.584,-6.136,85,93.9,78.26,4.772,8.97,1.46,239.7,0
"2015-03-09 00:00:00",270,1.015,5.502,-4.624,87.8,98.4,75.64,1.82,4.66,0.02,134.9,0
"2015-03-10 00:00:00",271,2.408,6.814,-1.413,94.4,100,84.4,2.491,6.15,0.93,111.9,0
"2015-03-11 00:00:00",272,4.79,9.99,0.064,98.6,100,90.9,1.523,3.2,0.01,132.9,0
"2015-03-12 00:00:00",273,6.442,17.25,-1.038,90.5,100,56.87,2.992,9.54,0.2,164.6,0
"2015-03-13 00:00:00",274,6.062,14.25,-0.614,77.62,99.6,51.99,3.633,8.14,1.33,83.9,0
"2015-03-14 00:00:00",275,6.062,8.23,3.26,94.3,100,74.94,2.004,4.97,0.08,79.4,0
"2015-03-15 00:00:00",276,8.9,14.43,4.462,80.5,100,48.96,4.367,10.53,0.62,282.8,0
"2015-03-16 00:00:00",277,9.1,17.32,-0.36,75.25,97.6,42.99,3.584,9.92,0.28,208.2,0
"2015-03-17 00:00:00",278,13.51,22.77,4.694,74.19,91,45.88,4.69,10.65,1.81,232.2,0
"2015-03-18 00:00:00",279,4.812,12.18,-0.725,63.7,91.5,36.98,6.724,17.26,0.87,78.56,0
"2015-03-19 00:00:00",280,2.571,6.854,-2.771,59.33,84.9,32.86,2.165,6.38,0.04,88.1,0
"2015-03-20 00:00:00",281,4.883,9.48,1.562,68,97.5,42.13,3.481,9.15,0.83,88.5,0
"2015-03-21 00:00:00",282,4.833,8.21,1.358,90.8,98,76.54,2.742,8,0.06,224.3,0
"2015-03-22 00:00:00",283,7.595,15.46,0.104,77.35,100,49.32,4.009,9.47,0.81,156,0
"2015-03-23 00:00:00",284,4.438,10.84,-0.168,66.59,92.9,40.26,5.151,10.83,1.99,62.1,0
"2015-03-24 00:00:00",285,-0.079,2.532,-1.838,82.2,94.4,60.97,5.757,10.44,2.71,70.13,6
"2015-03-25 00:00:00",286,1.467,6.37,-3.398,85.1,98.3,71.66,5.898,11.19,2.58,91.2,12
"2015-03-26 00:00:00",287,6.369,8.31,4.33,94.6,99,85,4.591,11.63,0.21,247.4,14
"2015-03-27 00:00:00",288,3.315,8.65,-0.047,78.17,97.2,52.91,4.909,10.82,1.7,246.8,24
"2015-03-28 00:00:00",289,-1.384,2.572,-6.38,72.4,87.4,39.94,4.832,11.46,1.4,139,0
"2015-03-29 00:00:00",290,-1.991,4.33,-8.08,63.52,92.2,33.79,2.219,7.1,0.03,124.7,0
"2015-03-30 00:00:00",291,3.115,8.61,-4.493,76.02,93.9,51.8,5.871,14.71,0.76,204.4,5
"2015-03-31 00:00:00",292,8.98,17.63,0.226,64.01,98.5,29.3,4.879,11.25,0.83,253.1,0
"2015-04-01 00:00:00",293,10.88,18.29,3.976,61.68,84.7,35.22,4.599,13.33,0.31,228.8,0
"2015-04-02 00:00:00",294,12.94,22.01,2.693,58.59,91,30.65,4.661,10.45,0.03,167.3,0
"2015-04-03 00:00:00",295,15.37,22.33,10.71,72.97,90.6,50.98,5.317,13.54,0.03,210.4,0
"2015-04-04 00:00:00",296,9.08,14.26,1.52,70.16,92.4,43.39,5.117,15.28,0.1,249.4,3
"2015-04-05 00:00:00",297,5.831,14.73,-4.128,58.99,92.7,23.43,4.722,11.95,0.68,256.6,0
"2015-04-06 00:00:00",298,9.4,18.49,-1.13,53.29,85.8,18.85,5.172,12.5,1.25,203.5,0
"2015-04-07 00:00:00",299,12.29,16.58,8.86,76.06,100,57.69,7.745,1000,0.5,174.8,2
"2015-04-08 00:00:00",300,14.67,17.26,12.32,100,100,98.7,2.9,8.12,0.06,114.7,1
"2015-04-09 00:00:00",301,18.17,23.82,12.82,89.2,100,65.32,4.774,18.38,0.46,164.6,35
"2015-04-10 00:00:00",302,18.67,24.68,10.24,86.5,98.7,66.55,7.881,17.92,1.89,210.5,117
"2015-04-11 00:00:00",303,10.45,18.49,4.754,64.55,86.3,37.22,8.65,18.33,1.2,283.8,0
"2015-04-12 00:00:00",304,9.32,16.63,0.205,62.41,95,30.38,2.333,6.57,0.04,158,0
"2015-04-13 00:00:00",305,12.44,18.92,3.987,61.55,86.9,36.85,3.794,9.9,0.49,141.3,0
"2015-04-14 00:00:00",306,14.95,19.67,10.67,64.32,96.4,33.69,4.625,11.91,1.16,222.4,11
"2015-04-15 00:00:00",307,12.77,18.85,8.65,47.43,64.59,26.56,4.238,10.85,1.1,48.7,0
"2015-04-16 00:00:00",308,14.15,21.24,6.39,49.96,86.7,21.51,5.648,13.09,1.94,87.7,0
"2015-04-17 00:00:00",309,13.76,19.59,9.87,91.9,100,68.36,1.776,6.04,0.01,138.5,0
"2015-04-18 00:00:00",310,16.57,24.57,8.32,73.01,100,40.29,2.059,1000,0.02,177,0
"2015-04-19 00:00:00",311,18.56,26.03,11.01,59.87,89.1,32.4,2.728,9.78,0.03,130.5,0
"2015-04-20 00:00:00",312,13.09,15.34,11.98,90,99.9,67.98,4.554,10.68,1.05,127.8,42
"2015-04-21 00:00:00",313,8.93,13.48,4.351,82.9,99.1,59.02,8.39,16.95,2.56,261.2,0
"2015-04-22 00:00:00",314,9.65,16.26,2.026,54.83,88.5,24.23,7.411,18.33,1.59,274.6,1
"2015-04-23 00:00:00",315,5.649,11.51,0.651,60.51,93.3,23.53,6.465,20.18,1.24,288.2,10
"2015-04-24 00:00:00",316,6.815,14.15,-1.879,43.41,80.9,18.98,3.709,11.29,0.09,283.6,0
"2015-04-25 00:00:00",317,10.1,16.04,-0.188,45.73,79.7,21.01,3.185,8.92,0.09,169.4,0
"2015-04-26 00:00:00",318,8.67,10.96,6.209,91.4,98.7,69.59,6.27,12.77,1.5,84.8,69
"2015-04-27 00:00:00",319,8.12,14.26,3.118,68.35,94.1,41.92,5.116,11.87,1.38,39.67,0
"2015-04-28 00:00:00",320,9,15.58,3.674,62.15,80.8,43.44,5.671,11.8,1.19,100.1,0
"2015-04-29 00:00:00",321,10.6,18.31,2.906,62.92,88.7,34.73,2.816,8.39,0.04,58.11,0
"2015-04-30 00:00:00",322,12.51,20.55,4.552,59.96,94.4,31.74,3.757,9.51,0.04,62.8,1
"2015-05-01 00:00:00",323,9.22,14.35,2.693,65.53,93.7,36.68,4.903,11.57,0.43,62.01,0
"2015-05-02 00:00:00",324,12.87,20.6,3.098,56.57,87,33.12,2.362,6.75,0.03,190.7,0
"2015-05-03 00:00:00",325,16.83,24.75,9.4,48.23,85,24.59,2.832,9.44,0.13,213.6,0
"2015-05-04 00:00:00",326,20.09,28.33,11.33,48.42,78.57,23.92,5.379,12.5,1.33,197.6,0
"2015-05-05 00:00:00",327,18.87,26.64,14.09,78.24,94.5,47.38,4.185,9.63,0.28,176.5,16
"2015-05-06 00:00:00",328,21.83,30.15,15.25,65.73,96.3,30.77,3.729,10.68,0.05,170.8,0
"2015-05-07 00:00:00",329,22.56,30.14,14.61,57.18,96.2,28.04,3.484,10.02,0.07,171.6,0
"2015-05-08 00:00:00",330,22.72,30,14.22,57.11,88.7,30.39,4.605,13.44,0.33,186.6,0
"2015-05-09 00:00:00",331,20.55,27.66,17.27,84.4,99.3,51.85,3.462,21.71,0.04,190.4,32
"2015-05-10 00:00:00",332,19.41,23.82,16.76,90.8,99.9,66.3,2.403,8.2,0.02,157.5,7
"2015-05-11 00:00:00",333,20.83,26.63,16.44,87.9,100,61.55,4.407,19.93,0.22,185.6,40
"2015-05-12 00:00:00",334,17.09,22.01,10.36,87.2,99.2,62.51,5.914,15.32,1.43,226.1,43
"2015-05-13 00:00:00",335,11.85,16.3,7.642,70.85,90.9,50.63,5.261,12.96,0.37,260.6,0
"2015-05-14 00:00:00",336,11.93,18.03,5.421,66.72,87.1,44.97,3.817,8.55,1.02,46.6,0
"2015-05-15 00:00:00",337,14.61,20.87,8.43,75.55,93.9,49.97,4.635,9.66,1.13,123.7,31
"2015-05-16 00:00:00",338,20.06,28.42,14.88,85,98,59.6,4.119,17.63,0.05,215.4,23
"2015-05-17 00:00:00",339,20.21,26.15,17.33,92.2,99.2,68,4.228,8.83,0.25,181.6,59
"2015-05-18 00:00:00",340,22.22,27.39,18.34,86.3,98.9,66.14,6.515,14.8,2.16,188.6,0
"2015-05-19 00:00:00",341,20.84,28.48,10.57,73.69,99.9,48.51,5.05,12.16,1.14,262.3,0
"2015-05-20 00:00:00",342,10.84,16.38,5.976,67.02,84.2,50.27,4.5,9.11,1.43,247.3,0
"2015-05-21 00:00:00",343,7.614,9.58,6.168,77.04,92.1,59.99,4.544,10.21,1.56,51.3,6
"2015-05-22 00:00:00",344,11.5,18.39,6.148,68.38,94.2,38.07,4.068,8.94,1.16,271.5,0
"2015-05-23 00:00:00",345,17.36,25.06,8.04,56.15,92.3,26.46,2.496,8.42,0,234.1,0
"2015-05-24 00:00:00",346,20.16,26.15,13.02,51.93,79.85,28.9,2.826,8.29,0.16,154.1,0
"2015-05-25 00:00:00",347,22.98,28.78,15.82,61.64,87.1,49.25,5.988,17.47,0.45,161.3,0
"2015-05-26 00:00:00",348,22.52,28.16,18.68,76.05,95.9,43.04,7.199,17.1,2.22,201.1,0
"2015-05-27 00:00:00",349,20.53,25.54,17.61,86.7,98.3,62.55,6.347,14.81,1.8,195,21
"2015-05-28 00:00:00",350,20.87,26.38,14.76,75.28,95.6,49.87,4.808,11.74,1,225.7,0
"2015-05-29 00:00:00",351,21.71,29.03,12.19,64.98,95,32.36,3.242,8.64,0.46,127.2,0
"2015-05-30 00:00:00",352,23.24,29.63,17.65,77.1,96.9,49.84,4.582,12.93,0.03,198.4,0
"2015-05-31 00:00:00",353,17.6,24.13,9.38,95.8,99.2,86.8,3.959,13.27,0,139.1,211
"2015-06-01 00:00:00",354,10.73,13.37,8.62,95.4,99.5,88.6,5.19,12.63,1.62,85.4,6
"2015-06-02 00:00:00",355,14.11,19.3,10.41,87.8,98.8,66.29,3.809,8.5,0.89,47.25,0
"2015-06-03 00:00:00",356,15.94,22.09,9.85,78.67,98.3,55.07,2.849,7.78,0.17,76.1,0
"2015-06-04 00:00:00",357,17.68,24.56,10.1,78.65,98.8,50.44,1.999,5.99,0.04,153.4,0
"2015-06-05 00:00:00",358,20.23,27.32,12.42,81.4,98.8,57.56,2.561,6.82,0.34,210.5,0
"2015-06-06 00:00:00",359,21.07,28.86,12.65,80.1,100,52.53,3.333,10.88,0.01,124.1,0
"2015-06-07 00:00:00",360,18.64,25.27,11.94,77.87,97,52.69,2.836,7.06,0.15,73.37,0
"2015-06-08 00:00:00",361,22.72,31.02,16.02,80.7,99.2,56.4,4.901,18.12,0.15,188.7,143
"2015-06-09 00:00:00",362,21.19,26.89,17.51,85.7,99.4,57.24,4.917,11.36,0.06,236.2,56
"2015-06-10 00:00:00",363,22.66,29.18,15.1,76.67,100,42.75,2.19,6.08,0.12,250.6,0
"2015-06-11 00:00:00",364,24.96,31.69,17.75,74.7,94.8,52.56,3.839,9.93,0.85,219.5,0
"2015-06-12 00:00:00",365,25.68,30.93,19.12,74.18,93.3,51.47,3.8,9.21,0.37,193.3,0
"2015-06-13 00:00:00",366,24.06,29.95,19.7,87.8,98.4,70.85,3.67,18.36,0.02,206.8,134
"2015-06-14 00:00:00",367,24.42,29.6,19.92,87.1,98.6,69.94,3.382,9.58,0.28,211.6,24
"2015-06-15 00:00:00",368,23.65,28.07,21.09,91.2,99.2,75.86,4.031,11.49,0.7,213.8,6
"2015-06-16 00:00:00",369,24.24,29.92,20.24,90.4,100,68.82,3.51,10.38,0.03,223.3,53
"2015-06-17 00:00:00",370,22.01,26.04,17.56,84.3,99.6,66.86,2.875,7.41,0.37,107.6,0
"2015-06-18 00:00:00",371,20.89,24.54,16.83,92.4,99.7,85.4,2.934,11.69,0.03,174.6,0
"2015-06-19 00:00:00",372,22.33,28.46,18.55,91.8,100,72.33,3.065,20.15,0.31,227.4,43
"2015-06-20 00:00:00",373,19.96,22.77,16.93,95.9,100,88.8,3.556,8.61,0.22,59.53,3
"2015-06-21 00:00:00",374,22.18,27.45,18.74,89.7,100,71.39,3.361,14.27,0.06,172.8,12
"2015-06-22 00:00:00",375,22.67,27.61,18.83,90.2,99.6,72.96,3.188,13,0.07,246.5,11
"2015-06-23 00:00:00",376,25.46,29.59,20.3,87.5,98.6,75.35,4.734,15.22,0.86,210.1,0
"2015-06-24 00:00:00",377,22.83,26.42,16.69,74.72,94.5,48.87,3.273,12.55,0.42,244.8,0
"2015-06-25 00:00:00",378,19.46,23.32,15.47,91,98.7,69.65,1.931,9.35,0.03,188,5
"2015-06-26 00:00:00",379,22.22,27.12,18.22,88.3,99.9,63.59,2.546,9.71,0.02,230.1,270
"2015-06-27 00:00:00",380,19.6,21.25,17.33,98.1,100,93.7,2.537,9.36,0.03,81.7,132
"2015-06-28 00:00:00",381,18.58,23.54,12.52,78.44,97.8,44.96,3.876,9.93,0.04,179.1,0
"2015-06-29 00:00:00",382,18.96,25.33,11.59,85.4,99.4,56.41,2.536,5.8,0.38,212.2,19
"2015-06-30 00:00:00",383,20.26,25.25,17.07,88.8,100,67.01,2.758,9.25,0.25,236.4,0
"2015-07-01 00:00:00",384,21.58,26.89,16.61,84,100,62.35,2.511,6.6,0.1,234.4,0
"2015-07-02 00:00:00",385,19.1,23.32,15.02,89.7,99.1,78.13,2.358,7.23,0.09,70.74,0
"2015-07-03 00:00:00",386,18.69,23.61,13.87,81,93.1,65.48,3.178,7.08,0.69,47.51,0
"2015-07-04 00:00:00",387,19.41,23.96,14.49,85.4,98.1,67.31,2.446,6.22,0.41,58.77,0
"2015-07-05 00:00:00",388,20.04,26.22,13.07,81.8,99.3,54.79,1.088,4.7,0,175.4,0
"2015-07-06 00:00:00",389,21.24,28.06,13.81,83.6,98.9,57.71,1.238,4.15,0.02,159.9,0
"2015-07-07 00:00:00",390,23.24,30.53,14.98,88,100,68.03,2.922,9.19,0.15,191.9,0
"2015-07-08 00:00:00",391,18.88,23.39,12.42,90.3,99.7,65.26,3.225,11.85,0.35,125.2,88
"2015-07-09 00:00:00",392,14.63,21.48,12.3,94.8,100,85.5,2.618,11.4,0.12,108.5,80
"2015-07-10 00:00:00",393,17.63,19.66,15.64,97.7,100,89.9,3.041,9.19,0.06,259.4,0
"2015-07-11 00:00:00",394,19.17,24.86,15.34,91.2,100,64.08,1.113,4.48,0.07,107.8,0
"2015-07-12 00:00:00",395,20.85,26.22,14.71,93.9,99.7,76.72,2.219,6.52,0.01,162.6,19
"2015-07-13 00:00:00",396,24.45,30.15,20.57,90.8,99.7,73.12,1.762,5.33,0.04,226.7,0
"2015-07-14 00:00:00",397,26.04,32.94,21.21,90.3,100,75.22,2.992,8.69,0.29,200.9,0
"2015-07-15 00:00:00",398,24.26,29.77,16.89,81.1,99.5,59.3,3.937,9.88,1.11,232,0
"2015-07-16 00:00:00",399,19.86,25.97,14.46,87.1,98.9,67.11,2.008,6.07,0.11,61.36,0
"2015-07-17 00:00:00",400,22.5,27.87,17.5,87.4,99.6,69.68,2.964,9.74,0.35,137.9,0
"2015-07-18 00:00:00",401,26.85,32.45,20.84,86.9,99.1,72.07,3.156,8.77,0.6,208.4,0
"2015-07-19 00:00:00",402,26.57,32.75,20.44,88.7,100,69.34,2.442,8.79,0.26,226.3,0
"2015-07-20 00:00:00",403,24.07,28.59,19.72,89.7,100,71.17,2.678,10.4,0.06,263.9,1
"2015-07-21 00:00:00",404,22.86,29.45,18.66,91.7,100,71.93,1.851,12.13,0,245.6,40
"2015-07-22 00:00:00",405,21.69,26.72,16.1,79.56,100,54.58,2.658,6.72,0.47,230.2,0
"2015-07-23 00:00:00",406,20.27,27.69,12.76,79.11,99.2,47.09,1.18,4.16,0.01,162.8,0
"2015-07-24 00:00:00",407,21.18,27.51,14.31,79.46,98.9,48.82,1.322,5.26,0.06,101.4,0
"2015-07-25 00:00:00",408,22.11,29.1,14.35,82.7,99.3,51.51,1.49,5.45,0.02,139.5,0
"2015-07-26 00:00:00",409,23.25,30.24,17.25,89.9,99.7,72.44,1.786,6.65,0.02,208.1,0
"2015-07-27 00:00:00",410,24.06,29.41,19.2,92.5,100,73.93,1.531,5.51,0.01,165.9,0
"2015-07-28 00:00:00",411,23.26,28.51,18.65,92.6,100,69.11,10.28,1000,0.01,121.5,0
"2015-07-29 00:00:00",412,24.69,32.82,20.74,92.2,100,63.86,1.48,10.44,0.06,161.2,10
"2015-07-30 00:00:00",413,24.17,29.42,19.27,81.4,100,46.85,2.638,8.77,0.06,277.4,27
"2015-07-31 00:00:00",414,22.93,28.9,15.96,74.18,95.9,46.8,2.735,7.13,0.78,288.5,0
"2015-08-01 00:00:00",415,23.57,29.56,17.33,73.78,97.7,35.5,3.244,10.73,0.85,290.3,0
"2015-08-02 00:00:00",416,22.57,28.86,16.67,69.89,97.4,38.77,2.054,5.65,0.11,267.8,0
"2015-08-03 00:00:00",417,23.85,31.14,14.62,82.8,99.5,57.86,2.795,7.88,0.56,229.5,0
"2015-08-04 00:00:00",418,23.32,28.77,15.12,79.31,97.8,56.31,2.96,8.62,0.5,284.9,0
"2015-08-05 00:00:00",419,20.47,27.09,12.33,77.99,99.6,45.44,1.576,6.41,0,229,0
"2015-08-06 00:00:00",420,21.78,27.33,14.33,76.74,98.9,54.36,1.907,5.19,0.12,100.9,0
"2015-08-07 00:00:00",421,20.23,26.25,13.49,86.7,99.3,65.03,2.628,7.86,0.02,90.9,11
"2015-08-08 00:00:00",422,19.81,27.04,11.83,81,100,49.52,1.476,4.96,0.03,158,0
"2015-08-09 00:00:00",423,22.52,30.03,15.36,86.9,99.7,62.63,1.348,5.07,0.04,187.2,0
"2015-08-10 00:00:00",424,22.65,27.68,19,95.3,100,76.54,1.769,6.95,0.01,165.1,64
"2015-08-11 00:00:00",425,23.8,28.33,19.21,90.3,100,66.46,2.453,9.23,0.01,261.6,4
"2015-08-12 00:00:00",426,22.43,27.65,15.93,79.05,98.6,54.65,2.551,8.17,0.29,235.3,0
"2015-08-13 00:00:00",427,20.25,27.16,13.32,79.59,99.1,49.32,1.402,7.18,0,231.7,0
"2015-08-14 00:00:00",428,21.07,28.76,13.36,81.8,99.3,52.27,1.484,4.98,0,187,0
"2015-08-15 00:00:00",429,22.68,30.53,16.67,86.1,99.7,57.12,1.466,4.85,0.06,253.9,0
"2015-08-16 00:00:00",430,24.11,31.71,17.57,83.5,99.4,50.51,1.397,6.83,0.01,196.1,0
"2015-08-17 00:00:00",431,24.52,31.47,17.77,83.2,100,55.37,1.714,6.24,0.1,208.3,0
"2015-08-18 00:00:00",432,23.58,31.43,17.66,83.2,99.7,51.85,2.209,8.94,0.11,194.4,0
"2015-08-19 00:00:00",433,21.78,29.14,19.21,93.6,100,68.66,2.763,13.24,0.37,155.2,184
"2015-08-20 00:00:00",434,20.27,26.69,13.51,87.4,99.6,66.99,3.46,9.07,0.69,233.8,12
"2015-08-21 00:00:00",435,16.97,24.06,11.45,78.86,100,44.36,3.087,10.23,0.1,253.3,0
"2015-08-22 00:00:00",436,18.85,27.42,10.08,80.2,100,50.47,1.778,6.89,0.02,185,0
"2015-08-23 00:00:00",437,19.22,25.59,11.31,83.7,99.1,59.61,2.074,7.92,0.07,116.6,0
"2015-08-24 00:00:00",438,19.18,26,12.96,86.9,99.8,56.64,2.839,10.1,0.03,243.5,0
"2015-08-25 00:00:00",439,17.07,23.42,10,70.34,97.9,40.4,3.624,10.13,1.04,287.6,0
"2015-08-26 00:00:00",440,16.46,22.93,9.25,77.43,98.6,50.24,2.63,8.89,0.47,292.4,0
"2015-08-27 00:00:00",441,16.59,21.75,12.28,84,98,61.31,2.253,8.56,0.11,227.5,0
"2015-08-28 00:00:00",442,17.4,25.13,10.2,84,99.1,54.04,1.547,5.15,0.03,82.5,0
"2015-08-29 00:00:00",443,18.88,26.16,11.37,83.7,100,56.7,2.011,7.16,0.12,141.6,0
"2015-08-30 00:00:00",444,21.07,27.22,16.32,88.9,98.7,70.01,1.788,5.52,0.06,187.5,2
"2015-08-31 00:00:00",445,22.11,29.85,16.39,88.4,100,58.58,1.314,4.09,0.04,201.9,0
"2015-09-01 00:00:00",446,23.18,30.56,16.53,87.4,100,63.76,1.719,6.39,0.01,196.4,0
"2015-09-02 00:00:00",447,22.23,29.16,19,93.9,99.9,72.21,2.168,12.93,0.04,186.4,173
"2015-09-03 00:00:00",448,23.81,32.07,18.11,85.7,100,52.63,1.679,7.68,0.15,214.3,0
"2015-09-04 00:00:00",449,24.39,32.23,17.91,82.6,100,49.77,1.63,7.21,0.11,237.8,0
"2015-09-05 00:00:00",450,24.47,32.68,17.91,80.9,100,52.85,1.831,10.38,0,218.9,53
"2015-09-06 00:00:00",451,23.59,31.45,17.45,86.6,99.5,56.88,1.596,6.15,0.05,130.1,0
"2015-09-07 00:00:00",452,25.02,32.52,17.41,77.18,99.8,47.14,1.984,5.85,0.01,162.2,0
"2015-09-08 00:00:00",453,24.74,32.99,17.97,79.55,99.4,48.23,1.918,6.58,0.33,209.6,0
"2015-09-09 00:00:00",454,22.48,31.79,19.13,89.2,100,52.06,2.862,13.09,0.32,216.5,103
"2015-09-10 00:00:00",455,21.06,26.29,16.39,88.1,100,62.18,1.971,5.37,0.33,86.1,0
"2015-09-11 00:00:00",456,18.37,28.56,12.84,85.5,99.4,43.42,1.565,13.77,0.01,139.6,0
"2015-09-12 00:00:00",457,16.37,22.47,11.55,89.9,99.7,64.16,2.574,8.71,0.25,141.1,48
"2015-09-13 00:00:00",458,12.95,18.2,7.278,80.9,99.1,43.01,2.971,7.9,0.33,205.3,0
"2015-09-14 00:00:00",459,13.59,21.65,7.046,73.35,99.1,37.72,2.166,5.95,0.16,257.5,0
"2015-09-15 00:00:00",460,17.07,26.51,7.804,72.44,97.3,42.2,2.827,10.14,0.42,190.4,0
"2015-09-16 00:00:00",461,18.57,27,11.69,68.9,94.3,37,2.625,9.31,0.23,180.2,0
"2015-09-17 00:00:00",462,19.17,27.89,10.04,72.97,100,42.56,2.607,8.17,0.07,172.1,0
"2015-09-18 00:00:00",463,20.99,29.22,12.2,78.16,98.9,53.89,3.027,9.55,0.24,180.3,0
"2015-09-19 00:00:00",464,21.94,27.96,19.36,91.1,100,70.72,2.724,12.02,0.27,185.4,170
"2015-09-20 00:00:00",465,16.99,22.36,9.36,82.5,99.4,52.25,3.203,12.08,0.06,213.7,47
"2015-09-21 00:00:00",466,15.17,22.65,7.823,71.46,97.8,37.11,1.807,5.73,0.1,63.62,0
"2015-09-22 00:00:00",467,15.43,24.49,8.63,70.21,95.4,31.19,1.582,4.86,0.06,83.6,0
"2015-09-23 00:00:00",468,17.19,26.98,8.11,67.6,97.3,29.32,1.244,5.58,0.02,99.1,0
"2015-09-24 00:00:00",469,19.2,28.45,10.13,62.28,93.1,31.1,1.843,6,0.06,83.6,0
"2015-09-25 00:00:00",470,19.4,27.42,11.84,67.16,95.4,33.14,2.025,7.53,0.08,68.63,0
"2015-09-26 00:00:00",471,19.23,28.75,12.72,68.16,95.2,35.31,2.616,8.42,0.46,56.29,0
"2015-09-27 00:00:00",472,18.54,25.7,12.5,75.82,94.9,49.87,2.978,9.5,0.35,82.9,0
"2015-09-28 00:00:00",473,19.59,25.16,14.22,85.9,98.8,62.83,2.017,5.75,0.27,126.6,0
"2015-09-29 00:00:00",474,20.75,27.27,15.84,84.3,100,54.95,1.325,4.64,0,204.6,0
"2015-09-30 00:00:00",475,17.89,22.11,13.92,88.5,98.8,73.32,2.548,11.01,0.04,138.4,0
"2015-10-01 00:00:00",476,14.17,20.27,9.56,68.51,87.5,38.7,4.13,9.92,0.92,41.77,0
"2015-10-02 00:00:00",477,11.89,19.07,6.31,69.56,89.9,40.46,3.851,10.45,0.63,43.33,0
"2015-10-03 00:00:00",478,12.42,19.47,6.542,61.14,87.5,38.71,4.983,11.59,1.08,51.32,0
"2015-10-04 00:00:00",479,10.08,14.42,7.984,77.87,97.9,58.38,5.082,11.6,1.09,56.77,0
"2015-10-05 00:00:00",480,12.96,20.43,8,87.7,99.2,63.06,3.644,7.77,0.77,43.24,0
"2015-10-06 00:00:00",481,14.99,22.35,10.49,90.5,100,65.83,2.635,6.23,0.29,58.99,0
"2015-10-07 00:00:00",482,15.58,23.51,11.16,89.8,100,59.2,2.103,5.48,0.14,91,0
"2015-10-08 00:00:00",483,16.22,24.88,8.73,79.71,100,44.87,1.124,6.02,0,155.3,0
"2015-10-09 00:00:00",484,17.67,25.67,9.92,81.2,99.4,52.26,2.019,8.86,0.02,186.6,7
"2015-10-10 00:00:00",485,14.24,18.15,7.542,81.5,96.5,61.25,3.264,8.11,0.53,197.1,0
"2015-10-11 00:00:00",486,10.72,19.58,4.38,76.93,97.8,39.87,1.409,4.82,0.04,190.1,0
"2015-10-12 00:00:00",487,14.02,24.54,4.25,72.6,98.6,35.63,2.335,9.07,0.15,205,0
"2015-10-13 00:00:00",488,16.92,24.59,11.59,63.14,91.1,31.19,3.36,9.78,0.37,248.9,0
"2015-10-14 00:00:00",489,13.28,19.53,5.744,62.48,86.8,43.57,3.838,10.31,0.98,297.8,0
"2015-10-15 00:00:00",490,10.86,19.61,3.704,63.52,93.6,28.27,2.03,8.71,0.27,283.9,0
"2015-10-16 00:00:00",491,12.31,22.67,1.4,56.17,96.2,26.64,3.437,11.16,0.31,259.4,0
"2015-10-17 00:00:00",492,9.23,15.18,2.794,48.6,80.2,25.57,3.793,10.46,1.09,308.9,0
"2015-10-18 00:00:00",493,4.431,11.62,-2.669,57.31,89.7,29.07,3.485,10.04,0.58,258.5,0
"2015-10-19 00:00:00",494,6.036,15.41,-2.74,57.56,90.1,26.12,1.901,6.52,0.03,238.7,0
"2015-10-20 00:00:00",495,11.79,21.37,1.642,49.99,78.28,26.78,3.502,11.28,0.25,197.6,0
"2015-10-21 00:00:00",496,15.01,24.56,6.462,49.84,72.22,27.5,3.138,9.43,0.38,199.8,0
"2015-10-22 00:00:00",497,17.58,27.22,10.86,61.54,81.6,39.3,2.732,9.26,0.15,209.4,0
"2015-10-23 00:00:00",498,17.25,24.91,11.57,71.92,92.1,52.76,2.437,6.07,0.02,123.9,0
"2015-10-24 00:00:00",499,16.63,22.33,9.75,73.35,85.3,52.9,4.167,10.47,0.89,130.6,0
"2015-10-25 00:00:00",500,15.71,21.83,10.51,82.7,95.7,71.04,4.776,12.93,0.65,255.3,0
"2015-10-26 00:00:00",501,10.55,17.26,5.522,62.49,89.1,31.52,3.065,8.3,0.24,112.8,0
"2015-10-27 00:00:00",502,10.7,18.83,3.058,56.91,88.4,25.96,3.689,10.08,1.13,78.04,0
"2015-10-28 00:00:00",503,10.77,12.88,7.359,93.4,100,59.05,4.727,10.24,1.58,100.4,88
"2015-10-29 00:00:00",504,10.43,13.95,1.915,95.8,100,75.08,4.551,13.42,0.61,239,20
"2015-10-30 00:00:00",505,4.695,6.895,0.792,83.9,95,72.9,4.433,13.71,0.19,263.2,0
"2015-10-31 00:00:00",506,7.848,13.06,2.046,82.4,99.7,56.88,2.068,5.19,0.03,170.6,0
"2015-11-01 00:00:00",507,9.59,12.85,6.552,94.1,100,85.3,3.778,8.78,0.58,189.4,26
"2015-11-02 00:00:00",508,10.85,19.1,5.562,88.4,100,55.58,2.248,6.49,0.31,230.9,0
"2015-11-03 00:00:00",509,11.61,21.37,3.744,83.6,100,44.72,1.699,5.74,0.05,214.9,0
"2015-11-04 00:00:00",510,10.23,17.8,4.896,98.4,100,85.1,1.157,3.32,0,203.6,0
"2015-11-05 00:00:00",511,14.31,23.23,6.662,92.1,100,66.8,1.724,6.14,0.2,156.3,0
"2015-11-06 00:00:00",512,16.84,22.46,12.27,93.5,100,65.35,3.359,11.52,0.15,195.6,7
"2015-11-07 00:00:00",513,10.13,17.24,3.017,84.8,98.6,63.51,4.484,13.95,0.14,276.7,3
"2015-11-08 00:00:00",514,6.882,13.21,0.975,72.49,98.6,44.41,2.808,9.67,0.22,297.6,0
"2015-11-09 00:00:00",515,4.637,11.89,-2.254,69.54,95,33.77,1.436,4.99,0,95.6,0
"2015-11-10 00:00:00",516,5.805,13.35,-0.654,63.95,85.4,34.76,1.597,5.32,0,84.9,0
"2015-11-11 00:00:00",517,5.245,13.36,-2.71,71.02,96.6,39.7,1.457,5.34,0.02,228.4,0
"2015-11-12 00:00:00",518,10.72,18.17,2.3,78.55,96,56.27,5.682,17.66,0.11,152.8,0
"2015-11-13 00:00:00",519,8.45,14.06,4.734,72.89,91.9,54.99,7.641,19.29,1.48,263.1,0
"2015-11-14 00:00:00",520,3.914,10.04,-3.804,63.19,86.8,29.26,5.054,14.3,0.76,277.8,0
"2015-11-15 00:00:00",521,4.905,17,-5.426,67.1,90.9,34.23,2.598,8.98,0.03,202.8,0
"2015-11-16 00:00:00",522,8.19,19.29,-0.766,66.53,97,26.77,2.457,9.62,0.28,211.6,0
"2015-11-17 00:00:00",523,8.06,9.9,7.147,91.4,99.2,59.29,4.979,9.94,0.95,152.2,19
"2015-11-18 00:00:00",524,12.13,16.14,8.7,95.2,100,81.2,7.689,15.6,2.62,144.1,96
"2015-11-19 00:00:00",525,12.31,16,5.633,89.4,99,73.56,5.619,21.35,0.17,188.3,60
"2015-11-20 00:00:00",526,4.322,8.53,-3.216,71.45,96,34.99,4.195,14.78,0.24,250,0
"2015-11-21 00:00:00",527,2.857,8.87,-3.905,67.07,91,30.47,2.042,7.47,0.06,160.4,0
"2015-11-22 00:00:00",528,-0.735,5.966,-8.14,90.2,100,55.4,6.378,1000,0.13,222.7,69
"2015-11-23 00:00:00",529,-6.506,-2.244,-12.07,88.2,94.7,79.27,2.709,8.04,0.14,212.6,0
"2015-11-24 00:00:00",530,0.228,5.684,-5.244,87.2,99.2,74.87,2.235,7,0.02,230.6,0
"2015-11-25 00:00:00",531,2.908,10.01,-3.054,92.6,99.8,80.3,2.683,7.85,0.2,124.7,0
"2015-11-26 00:00:00",532,7.814,12.59,2.602,76.37,89.8,58.53,5.041,11.71,0.94,172,0
"2015-11-27 00:00:00",533,13.12,17.92,9.56,82.1,91.7,72.13,5.707,14.47,1.03,183.1,0
"2015-11-28 00:00:00",534,8.47,14.38,3.584,96.1,99.8,81.8,4.994,11.21,0.74,113.2,0
"2015-11-29 00:00:00",535,3.144,3.906,2.239,95.3,98.6,90.7,4.452,9.95,1.21,38.23,0
"2015-11-30 00:00:00",536,2.096,3.804,0.59,89.7,95.2,81.4,4.294,8.22,1.12,52.39,0
"2015-12-01 00:00:00",537,3.896,7.157,1.52,96.5,100,90.4,3.902,7.37,0.69,97.2,0
"2015-12-02 00:00:00",538,4.371,7.419,-0.036,89.3,100,66.53,3.401,9.2,0.21,223.6,0
"2015-12-03 00:00:00",539,0.33,2.572,-1.292,93.5,98.9,82,4.003,1000,0.32,265.5,0
"2015-12-04 00:00:00",540,-1.19,1.086,-4.026,95.8,99.1,91.5,2.192,5.05,0.22,267.4,0
"2015-12-05 00:00:00",541,0.127,3.25,-2.012,100,100,99.1,2.155,5.25,0.02,201.7,0
"2015-12-06 00:00:00",542,-0.66,3.482,-2.82,100,100,100,117,1000,0.1,229.1,0
"2015-12-07 00:00:00",543,3.089,9.44,-3.094,93.7,100,65.55,1.565,6.04,0.01,198.6,0
"2015-12-08 00:00:00",544,2.413,4.128,-0.766,99.9,100,98.3,2.211,6.38,0.16,236.4,0
"2015-12-09 00:00:00",545,6.176,11.45,3.179,93.7,99.9,77.61,3.657,8.33,0.32,180.7,0
"2015-12-10 00:00:00",546,6.095,11.98,2.33,90.3,99,71.51,2.685,7.75,0.14,231.2,0
"2015-12-11 00:00:00",547,6.445,12.93,1.137,90.5,98.6,71.22,3.27,10.41,0.33,205.2,0
"2015-12-12 00:00:00",548,7.964,13.68,0.692,95.2,99.6,75.27,2.769,7.61,0.32,178.4,0
"2015-12-13 00:00:00",549,14.69,19,10.64,97.7,100,90.4,2.952,8.38,0.37,196.5,0
"2015-12-14 00:00:00",550,14.81,16.2,13.83,95.8,99.2,89,6.011,12.03,1.19,160,40
"2015-12-15 00:00:00",551,8.92,16.28,4.25,91.4,97.7,78.86,6.06,13.92,0.86,222.5,16
"2015-12-16 00:00:00",552,4.088,5.18,2.249,92.8,97.5,86.7,3.429,9.43,0.02,200.8,0
"2015-12-17 00:00:00",553,5.545,14.17,-0.918,89.2,99.7,61.85,4.656,11.71,0.64,203.6,0
"2015-12-18 00:00:00",554,-0.411,1.379,-2.791,77.63,89.6,72.12,4.156,9.93,0.66,289.9,0
"2015-12-19 00:00:00",555,-2.29,1.562,-5.466,76.58,96.2,52.07,4.386,11.94,0.57,262.6,0
"2015-12-20 00:00:00",556,-3.926,1.744,-7.82,74.14,88.3,50.88,3.287,8.69,0.45,242.3,0
"2015-12-21 00:00:00",557,3.976,8.91,-2.518,71.12,89.2,53.4,5.422,12.71,1.24,182.7,3
"2015-12-22 00:00:00",558,8.93,14.88,4.228,95.5,99.7,81.8,4.708,12.48,0.4,216.7,84
"2015-12-23 00:00:00",559,4.426,7.571,1.702,96.8,99.7,93.4,3.676,9.05,0.24,204.7,0
"2015-12-24 00:00:00",560,11.99,16.07,4.532,96.7,100,82,6.44,15.55,1.14,180.2,52
"2015-12-25 00:00:00",561,4.335,8.49,-0.776,88.1,97.9,66.81,2.642,11.62,0.06,188.8,0
"2015-12-26 00:00:00",562,4.763,8.23,1.794,88.2,95.9,74.57,3.907,8.31,0.62,115.1,0
"2015-12-27 00:00:00",563,7.569,11.93,1.722,96.5,100,88.4,4.028,8.9,0.05,128.9,199
"2015-12-28 00:00:00",564,4.285,8.91,2.288,92.6,100,81.7,6.958,13.61,2.03,65.47,47
"2015-12-29 00:00:00",565,2.795,7.692,0.388,96.9,100,89.2,8.87,19.28,0.55,114,193
"2015-12-30 00:00:00",566,-0.178,3.664,-1.474,89.2,94.2,85.4,4.267,12.87,0.16,256.2,0
"2015-12-31 00:00:00",567,-1.392,-0.604,-2.061,88.1,91.1,85,2.654,6.5,0.07,263.8,0
"2016-01-01 00:00:00",568,-2.649,-1.353,-5.74,88.1,95.6,82.6,3.456,8.68,0.39,265.4,0
"2016-01-02 00:00:00",569,-3.498,-0.886,-5.65,89.9,96.7,79.63,4.053,10.77,0.74,256.1,0
"2016-01-03 00:00:00",570,-1.734,2.532,-6.399,88,95.6,71.31,3.209,7.84,0.5,253.2,0
"2016-01-04 00:00:00",571,-2.248,0.368,-4.878,84.7,91.4,76.69,4.272,8.47,1.14,308,0
"2016-01-05 00:00:00",572,-2.387,1.358,-5.973,75.84,88.2,53.43,3.64,9.22,0.89,185.9,0
"2016-01-06 00:00:00",573,-3.581,3.098,-8.75,84,95.1,58.87,3.195,9.06,0.63,147.7,0
"2016-01-07 00:00:00",574,-0.983,5.906,-6.622,80.2,92.7,56.49,3.12,8.51,0.73,163.9,0
"2016-01-08 00:00:00",575,3.526,10.16,0.003,77.55,90.6,56.22,3.326,7.75,0.62,145.9,1
"2016-01-09 00:00:00",576,5.898,7.975,3.179,98.1,100,90.6,3.146,7.77,0.18,175.4,9
"2016-01-10 00:00:00",577,2.273,5.966,-5.396,98.5,99.9,93.9,4.305,14.45,0.16,259.3,38
"2016-01-11 00:00:00",578,-11.59,-5.385,-13.73,85.3,93.9,77.55,7.186,16.01,1.29,288.8,0
"2016-01-12 00:00:00",579,-6.103,-0.512,-13.94,83.8,92.4,67.37,3.813,13.61,0.41,215.9,0
"2016-01-13 00:00:00",580,-8.67,-0.614,-14,76.94,90.5,65.03,7.196,1000,0.66,287.8,0
"2016-01-14 00:00:00",581,-8.25,-0.563,-16.95,80.1,93.2,62.73,3.122,11.21,0.25,216,0
"2016-01-15 00:00:00",582,2.414,11.75,-6.034,86.6,96.9,66.27,3.364,11.51,0.2,201.2,0
"2016-01-16 00:00:00",583,1.771,6.29,-2.223,95.6,99,92.5,5.006,12.8,0.25,240.6,15
"2016-01-17 00:00:00",584,-3.509,-1.879,-5.973,89.2,96,80.2,4.535,9.43,0.68,288.2,0
"2016-01-18 00:00:00",585,-12.67,-5.385,-17.05,76.45,90.6,65.16,5.99,11.27,0.87,304.4,0
"2016-01-19 00:00:00",586,-16.19,-12.4,-18.7,77.59,87.7,69.21,4.532,9.24,0.76,281.3,0
"2016-01-20 00:00:00",587,-11.83,-6.806,-17.65,76.77,92.3,58.21,2.36,6.94,0,178.8,12
"2016-01-21 00:00:00",588,-9.7,-6.034,-14.53,89.1,94.6,76.88,2.01,5.42,0.11,106.6,10
"2016-01-22 00:00:00",589,-10.09,-4.108,-16.42,88.6,93.3,77.37,2.778,6.84,0.15,72.26,0
"2016-01-23 00:00:00",590,-5.214,-2.507,-8.19,83.3,92.3,73.18,4.692,9.51,1.32,61.09,0
"2016-01-24 00:00:00",591,-6.952,-0.422,-13.77,89.8,96.2,75.92,2.68,6.98,0.24,265.3,0
"2016-01-25 00:00:00",592,-4.498,4.17,-13.8,86.5,94.6,69.87,3.032,7.32,0.34,190.5,0
"2016-01-26 00:00:00",593,0.966,5.421,-4.189,88.9,98.9,73.42,4.556,15.66,0.38,187.6,0
"2016-01-27 00:00:00",594,-1.277,0.873,-2.446,84.8,93.4,78.79,6.658,15.07,1.55,284.2,0
"2016-01-28 00:00:00",595,-1.489,2.046,-3.51,76.56,89.9,57.9,3.462,8.88,0.02,248.5,0
"2016-01-29 00:00:00",596,1.83,6.824,-2.284,81.8,92.7,65.36,4.946,11.76,0.31,263.5,0
"2016-01-30 00:00:00",597,0.492,5.28,-2.376,75.19,89.3,57.34,3.222,8.5,0.02,169.4,0
"2016-01-31 00:00:00",598,4.426,13.23,-0.624,84.9,96.7,60.81,2.311,7.95,0.16,201.7,0
"2016-02-01 00:00:00",599,8.01,16.65,1.277,91.2,100,72.88,4.65,13.32,0.48,230.8,0
"2016-02-02 00:00:00",600,3.415,10.36,0.084,80.8,96.6,50.83,2.184,6.99,0.06,186.6,0
"2016-02-03 00:00:00",601,6.059,14.27,-0.522,96.5,100,87.2,5.493,15.15,0.12,137.5,41
"2016-02-04 00:00:00",602,1.211,9.54,-2.73,91.2,100,81.8,5.741,14.69,0.49,259.8,0
"2016-02-05 00:00:00",603,-3.655,0.266,-6.48,78.96,93.3,59.98,3.607,9.18,0.11,257,0
"2016-02-06 00:00:00",604,-3.642,-0.219,-6.724,87.1,95.8,73.34,2.231,7.64,0.01,252.1,0
"2016-02-07 00:00:00",605,-0.406,9.47,-7.536,83.4,95.8,49.62,1.785,6.74,0.15,197.8,0
"2016-02-08 00:00:00",606,3.381,10.1,-2.982,79.11,95.5,55.27,3.672,13.07,0.36,235.8,0
"2016-02-09 00:00:00",607,-3.999,1.176,-7.658,90,97.8,77.23,5.536,15,0.58,284.3,0
"2016-02-10 00:00:00",608,-8.55,-7.658,-10.57,83.6,89.3,76.33,6.02,11.33,2.43,306.1,0
"2016-02-11 00:00:00",609,-10.34,-6.988,-14.46,73.75,85.2,60.47,4.462,9.93,0.7,288.5,0
"2016-02-12 00:00:00",610,-8.64,-3.966,-13.63,67.08,86.3,44.35,1.881,5.48,0.06,145.3,0
"2016-02-13 00:00:00",611,-6.438,-3.348,-11.11,74.98,91.8,52,4.808,12.55,0.12,268.3,0
"2016-02-14 00:00:00",612,-11.06,-7.292,-15.75,59.25,73.16,42.74,3.53,10.13,0.24,247.3,0
"2016-02-15 00:00:00",613,-8.14,-6.502,-9.93,86.9,96.4,62.28,6.314,12.57,2.06,135.8,2
"2016-02-16 00:00:00",614,-2.881,0.246,-6.674,96.8,98.7,92.6,2.14,5.37,0.26,208.7,0
"2016-02-17 00:00:00",615,-2.161,2.198,-8.23,95.7,98.2,90.3,1.969,6.78,0.05,150.4,0
"2016-02-18 00:00:00",616,-0.401,2.168,-2.953,85.6,94.3,70.66,2.335,7.61,0.19,218.3,0
"2016-02-19 00:00:00",617,2.571,7.328,-2.973,84.8,97.1,71.94,6.004,13.18,1.23,142.5,0
"2016-02-20 00:00:00",618,9.56,17.81,2.855,71.02,88.7,41.8,6.145,17.62,0.19,216.6,0
"2016-02-21 00:00:00",619,10.06,21.41,0.651,62.66,89.7,28.03,2.906,8.91,0.18,215.5,0
"2016-02-22 00:00:00",620,4.908,10.52,0.438,80.6,90.6,62.86,3.839,9.5,0.72,70.96,0
"2016-02-23 00:00:00",621,2.515,9.1,-2,79.23,91.8,56.5,2.804,7.26,0.03,55.02,0
"2016-02-24 00:00:00",622,2.797,8.82,-2.456,75.24,92.8,52.05,4.774,10.81,1.31,50.76,0
"2016-02-25 00:00:00",623,0.173,2.026,-0.644,93.6,100,70.62,11.75,1000,1.31,200.2,21
"2016-02-26 00:00:00",624,0.251,1.601,-1.171,87.3,100,73.54,5.523,11.65,2.08,314,0
"2016-02-27 00:00:00",625,-1.578,1.369,-5.385,79.97,93.3,59.1,3.134,8,0.25,276.7,0
"2016-02-28 00:00:00",626,2.819,12.64,-5.234,82.9,97,49.35,3.272,8.95,0.38,207.1,0
"2016-02-29 00:00:00",627,9.08,18.31,2.067,79.72,95.1,55.78,6.761,17.8,0.64,223,0
"2016-03-01 00:00:00",628,5.753,15.34,-1.898,74.05,95.5,39.37,3.785,13.18,0.03,231.6,0
"2016-03-02 00:00:00",629,0.714,8.99,-3.844,85.8,95.3,71.79,5.362,16.35,0.1,235.6,0
"2016-03-03 00:00:00",630,-1.434,4.814,-8.41,66.83,87,31.72,2.795,8.79,0.11,225.8,0
"2016-03-04 00:00:00",631,1.19,4.361,-0.928,92.9,98.8,81.2,3.548,9.35,0.26,117.4,14
"2016-03-05 00:00:00",632,0.829,7.732,-3.135,78.91,95,49.62,2.539,8.14,0.03,123.7,0
"2016-03-06 00:00:00",633,3.273,6.178,0.742,85.3,97.4,67.96,3.697,9.64,0.28,254.8,0
"2016-03-07 00:00:00",634,5.878,13.84,-2.061,75.74,96.2,49.68,4.087,10.09,0.02,172.9,0
"2016-03-08 00:00:00",635,10.55,18.59,4.956,79.56,95,58.39,3.998,10.25,0.64,183.1,9
"2016-03-09 00:00:00",636,15.46,22.35,10.91,76.82,92.9,55.78,4.807,14.1,0.57,187.6,0
"2016-03-10 00:00:00",637,15.53,19.33,13.1,86.5,99.1,71.57,3.806,13.15,0.24,196.2,0
"2016-03-11 00:00:00",638,8.71,13.24,4.876,92.6,99.3,86.1,3.265,9.18,0.02,114.7,12
"2016-03-12 00:00:00",639,7.343,13.77,2.249,87.3,96.8,64.84,2.536,7.12,0.22,64.12,0
"2016-03-13 00:00:00",640,9.96,14.37,5.19,92.6,99,80.7,2.643,5.52,0.02,75.34,25
"2016-03-14 00:00:00",641,13.49,17.27,11.07,99,100,93.4,2.367,6.03,0.41,175.5,33
"2016-03-15 00:00:00",642,12.11,14.29,6.986,95.9,100,84.7,1.732,5.38,0.02,236,0
"2016-03-16 00:00:00",643,14.85,23.99,6.35,85.3,100,57.7,5.459,16.65,0.03,147.7,0
"2016-03-17 00:00:00",644,10.88,16.18,4.744,60.94,92.3,26.48,6.635,19.51,0.76,258.6,0
"2016-03-18 00:00:00",645,8.01,16.45,0.732,58.08,92.9,23.84,3.52,13.3,0.2,270.8,0
"2016-03-19 00:00:00",646,6.183,10.79,0.894,56.97,82.2,36.96,3.242,8.4,0.07,291.2,0
"2016-03-20 00:00:00",647,4.727,8.84,1.622,72.86,90.5,48.57,3.128,6.45,0.1,189.7,0
"2016-03-21 00:00:00",648,3.877,7.39,0.317,65.47,89.9,41.61,4.024,11.24,0.04,189.9,0
"2016-03-22 00:00:00",649,4.485,12.84,-3.176,65.25,90.9,32.86,3.663,10.62,0.58,247.4,0
"2016-03-23 00:00:00",650,10.74,19.06,2.097,62.69,87.6,38.78,6.88,18.43,0.77,194.8,0
"2016-03-24 00:00:00",651,14.71,18.97,11.31,72.82,85,58.71,7.525,15.34,2.95,194.9,0
"2016-03-25 00:00:00",652,9.56,16.4,-0.522,87,97.6,71.64,7.076,16.74,0.27,250.9,36
"2016-03-26 00:00:00",653,2.409,9.86,-1.292,79.55,94.7,57.07,3.145,9.31,0.05,141.6,0
"2016-03-27 00:00:00",654,7.209,16.64,-0.907,73.04,98.1,37.25,3.408,8.56,0.25,128.6,0
"2016-03-28 00:00:00",655,8.96,20.38,2.976,76.62,96.4,27.55,4.725,15.34,0.04,219.6,51
"2016-03-29 00:00:00",656,6.881,12.11,1.884,78.13,93.6,50.99,4.126,11.15,0.19,242.7,0
"2016-03-30 00:00:00",657,7.268,14.53,0.832,69.01,96.8,33.97,3.315,8.64,0.39,110.1,0
"2016-03-31 00:00:00",658,9.93,15.33,2.288,83.2,97.6,47.6,5.533,15.83,0.18,159.7,66
"2016-04-01 00:00:00",659,14.28,20.24,6.35,87.4,98.9,58.46,9.04,1000,1.15,233,53
"2016-04-02 00:00:00",660,6.519,11.22,2.896,81.4,98.4,56.36,5.196,14.64,0.12,267.7,0
"2016-04-03 00:00:00",661,3.322,9.05,-0.988,60.57,92.8,33.74,7.861,25.37,1.5,287.7,0
"2016-04-04 00:00:00",662,8.47,18.67,-3.368,61.4,90.1,36.92,7.438,18.39,1.12,215.5,0
"2016-04-05 00:00:00",663,4.59,13.52,-2.274,72.53,88,54.04,6.189,11.99,1.73,112.3,0
"2016-04-06 00:00:00",664,3.566,10.14,-4.726,63.23,90.1,36.14,4.913,11.68,0.47,112.3,0
"2016-04-07 00:00:00",665,8.2,10.52,6.592,80.8,98.8,58.74,6.752,14.25,2.21,232.4,86
"2016-04-08 00:00:00",666,4.448,7.359,0.994,78.24,94.8,58.35,5.941,13.8,0.16,270.1,1
"2016-04-09 00:00:00",667,3.048,7.097,-0.746,79.72,94,48.78,6.288,17.75,0.54,288,0
"2016-04-10 00:00:00",668,0.492,7.157,-3.986,61.21,84.1,32.46,4.354,13.37,0.05,197.7,0
"2016-04-11 00:00:00",669,6.677,10.53,1.137,83,99.5,59.75,6.058,14.01,0.01,175.3,34
"2016-04-12 00:00:00",670,8.38,10.46,2.926,72.55,100,45.23,4.536,11.5,0.87,305.6,9
"2016-04-13 00:00:00",671,5.556,11.61,0.346,59.48,79.88,34.46,3.377,7.68,0.17,125.7,0
"2016-04-14 00:00:00",672,8.1,16.28,-0.594,64.04,92,31.41,3.174,8,0.31,85.3,0
"2016-04-15 00:00:00",673,11.21,19.94,2.067,57.79,91.4,26.57,4.148,9.51,1.51,80.4,0
"2016-04-16 00:00:00",674,15.3,24.75,4.916,56.59,84.9,30.69,3.619,8.42,0.21,100.4,0
"2016-04-17 00:00:00",675,18.17,27.35,10.26,54.14,78.77,26.98,2.86,10.32,0.01,126,0
"2016-04-18 00:00:00",676,18.87,27.34,10.03,48.59,83.5,20.01,2.516,8.85,0.05,123.6,0
"2016-04-19 00:00:00",677,19.81,28.7,10.73,44.65,71.2,20.62,2.468,8.27,0.07,158.9,0
"2016-04-20 00:00:00",678,19.13,27.35,12.16,49.72,81.6,24.45,2.356,8.88,0.06,173.3,0
"2016-04-21 00:00:00",679,15.21,23.25,10.75,80.3,98.2,34.15,3.826,12.54,0.03,140.6,20
"2016-04-22 00:00:00",680,15.38,21.17,10.69,87.8,99.8,57.11,2.885,9.03,0.07,212.6,18
"2016-04-23 00:00:00",681,12.21,19.07,5.138,85.8,99.8,61.72,4.143,10.52,0.04,113,0
"2016-04-24 00:00:00",682,11.77,20.9,3.886,74.8,95.2,42.8,2.6,8.32,0.03,97,0
"2016-04-25 00:00:00",683,16.56,25.51,5.491,70.14,100,38.77,4.41,10.9,0.37,166.2,0
"2016-04-26 00:00:00",684,21.07,27.58,13.89,62.07,81.7,41.2,6.343,14.65,1.67,203.2,0
"2016-04-27 00:00:00",685,18.05,26.25,9.68,76.07,93.8,54.32,4.444,10.85,0.02,148.2,1
"2016-04-28 00:00:00",686,13.03,15.19,9.66,92,98.9,78.95,5.876,12.16,1.58,81.9,42
"2016-04-29 00:00:00",687,14.83,21.11,10.14,83.7,99.1,58.88,3.294,11.34,0.13,226.8,78
"2016-04-30 00:00:00",688,11.13,15.36,6.39,86.6,99.3,68.89,3.269,8.25,0.06,118.5,0
"2016-05-01 00:00:00",689,12.06,15.32,8.75,98.1,100,93.3,4.316,11.19,0.07,110.4,60
"2016-05-02 00:00:00",690,13.43,19.35,9.35,96.1,100,81.7,2.979,9.44,0.11,128.9,12
"2016-05-03 00:00:00",691,10.09,13.38,7.208,89.4,98.3,75.68,3.26,9.72,0.46,137.8,0
"2016-05-04 00:00:00",692,12.26,18.62,6.228,70.31,97.1,39.77,3.548,8.78,0.45,277.9,0
"2016-05-05 00:00:00",693,10.87,14.28,6.128,77.36,97.1,53.04,5.548,14.95,0.02,225.2,15
"2016-05-06 00:00:00",694,11.02,18.8,4.422,70.94,90.6,39.79,4.575,11.43,0.15,149.2,0
"2016-05-07 00:00:00",695,15.99,25.74,5.482,60.76,96.1,29.05,3.115,8.29,0.03,268.7,0
"2016-05-08 00:00:00",696,16.97,24.06,10.74,61.75,84.8,32.74,4.675,14.07,0.26,206.1,1
"2016-05-09 00:00:00",697,12.77,18.66,8.83,78.47,96.3,52.65,2.516,6.89,0.03,154,32
"2016-05-10 00:00:00",698,15,19.98,11.29,94.3,98.7,83.2,4.936,12.48,0.39,127,20
"2016-05-11 00:00:00",699,17.61,22.73,14.14,92.6,100,69.59,4.823,10.59,0.86,185.4,10
"2016-05-12 00:00:00",700,17.97,27.78,12.28,92.7,100,57.98,3.777,16.39,0,166.2,13
"2016-05-13 00:00:00",701,16.77,21.61,10.36,84,99.9,55.32,4.24,11.09,0.15,271.9,0
"2016-05-14 00:00:00",702,14.77,23.16,6.209,72.74,100,38.82,4.545,16.21,1.06,261.9,36
"2016-05-15 00:00:00",703,7.169,12.56,2.916,76.63,100,48.07,5.633,15.51,1.16,298.3,0
"2016-05-16 00:00:00",704,9.03,15.52,2.37,59.29,95.2,28.5,3.621,12.27,0.07,275.4,0
"2016-05-17 00:00:00",705,11.72,20.95,2.592,64.64,100,33.07,3.7,10.23,0.14,217.3,3
"2016-05-18 00:00:00",706,11.14,16.29,8.72,89.7,100,60.43,2.796,8.7,0.27,93.3,3
"2016-05-19 00:00:00",707,13.45,24.33,4.795,62.8,86.3,33.66,2.82,6.99,0.01,55.85,0
"2016-05-20 00:00:00",708,16.41,27.18,7.299,54.54,91,22.16,2.322,6.76,0.06,98.4,0
"2016-05-21 00:00:00",709,14.61,20.8,10.69,70.81,100,36.68,3.172,9.92,0.05,111.9,3
"2016-05-22 00:00:00",710,18.12,26.76,11.05,52.56,100,23.18,3.716,10.04,0.3,83.2,0
"2016-05-23 00:00:00",711,20.49,31.9,7.722,45.05,85.7,20.01,3.145,9.2,0.11,171.1,0
"2016-05-24 00:00:00",712,21.18,32.31,9.32,46.43,87.4,18.93,3.258,8.14,0.07,139.7,0
"2016-05-25 00:00:00",713,22.35,32.25,12.1,55.84,80.6,27.38,4.286,12.06,0.07,196.8,0
"2016-05-26 00:00:00",714,22.99,31.89,15.91,72.24,94.9,44.7,4.991,13.13,0.37,193.8,0
"2016-05-27 00:00:00",715,21.27,29.9,16.3,87.7,100,51.69,4.184,17.13,0.19,194.8,22
"2016-05-28 00:00:00",716,21.29,29.22,17.31,86.7,100,55.38,5.016,16.91,0.8,178.3,32
"2016-05-29 00:00:00",717,22.5,28.44,18.67,84.2,100,57.58,6.18,13.18,0.19,189.2,0
"2016-05-30 00:00:00",718,23.34,31.28,15.38,65.35,98.6,34.74,3.593,9.75,0.51,244.6,0
"2016-05-31 00:00:00",719,23.6,35.89,13.9,63.77,96.5,24.89,2.311,11.34,0.06,261.8,3
"2016-06-01 00:00:00",720,22.18,34.33,16.61,77.32,99.8,27.37,2.59,10.04,0.01,165.1,6
"2016-06-02 00:00:00",721,21.87,30.22,17.77,87.5,100,50.05,1.568,5.89,0,217.3,9
"2016-06-03 00:00:00",722,23.13,31.98,15.16,56.84,95.4,23.67,2.597,7.71,0.03,223.9,0
"2016-06-04 00:00:00",723,23.13,34.01,13.97,52.93,84.7,22.81,2.004,5.98,0.01,146.8,0
"2016-06-05 00:00:00",724,18.47,22.67,15.62,95.4,100,75.06,2.654,7.4,0.11,191,91
"2016-06-06 00:00:00",725,20.23,26.96,15.49,76.6,100,43.24,4.228,9.95,0.93,272.4,0
"2016-06-07 00:00:00",726,22.77,31.1,15.19,53.96,92.8,24.27,5.206,14.18,1.46,281,0
"2016-06-08 00:00:00",727,18.98,25.67,13.39,55.9,81.6,35.37,4.275,11.14,1.13,295.1,0
"2016-06-09 00:00:00",728,18.91,30.66,8.4,59.95,99.6,23.56,1.698,6.08,0.02,223.8,0
"2016-06-10 00:00:00",729,22.72,31.04,11.65,59.38,92.9,34.15,3.62,8.98,0.84,207.1,0
"2016-06-11 00:00:00",730,27.15,36.83,19.45,63.42,87.2,36.24,3.508,10.04,0.49,230.9,0
"2016-06-12 00:00:00",731,26.98,35.4,19.25,65.96,94,35.88,3.372,9.11,0.3,249.6,0
"2016-06-13 00:00:00",732,26.28,35.89,17.37,57.53,88.1,36.68,3.283,8.33,0.38,111.1,0
"2016-06-14 00:00:00",733,28.01,36.65,22.47,60.3,84.9,33.66,1.716,4.84,0.03,138,0
"2016-06-15 00:00:00",734,23.99,29.44,20.87,89.8,99.1,72.95,3.04,10.07,0.05,142.3,83
"2016-06-16 00:00:00",735,25.74,32.16,21.23,84.9,99.7,51.34,3.419,11.8,0.33,217.6,27
"2016-06-17 00:00:00",736,23.34,27.36,17.43,78.79,99.9,61.21,3.916,9.59,0.89,236.2,0
"2016-06-18 00:00:00",737,22.28,29.36,16.14,69.43,94.8,37.29,3.558,8.74,0.76,51.15,0
"2016-06-19 00:00:00",738,22.77,29.71,14.18,64.32,91,35.73,2.553,6.97,0.15,79.79,0
"2016-06-20 00:00:00",739,25.03,31.38,17.29,75.71,96.1,54.54,2.277,6.62,0.12,185.4,0
"2016-06-21 00:00:00",740,26.02,32.64,18.96,77.34,98.6,51.56,3.843,16.59,0.4,241.2,86
"2016-06-22 00:00:00",741,22.53,27.56,17.41,71.81,96.7,46.64,3.03,8.57,0.75,278.3,0
"2016-06-23 00:00:00",742,22.51,28.52,16.67,90.2,99.7,75.85,3.459,11.9,0.01,171.6,192
"2016-06-24 00:00:00",743,26.32,30.42,19.76,75.76,94.8,49.63,3.816,9.34,0.88,292.4,0
"2016-06-25 00:00:00",744,22.37,27.74,16.99,84.2,98.7,59.14,1.744,4.74,0.03,95.6,0
"2016-06-26 00:00:00",745,25.16,32.55,17.13,81.3,99.2,53.35,2.286,6.58,0.06,148.1,0
"2016-06-27 00:00:00",746,24.51,32.89,20.5,89.2,100,61.11,2.186,17.12,0.04,217.1,59
"2016-06-28 00:00:00",747,25.05,30.38,18.96,74.4,100,46.04,2.556,7.63,0.28,279.2,0
"2016-06-29 00:00:00",748,19.83,24.35,11.19,78.29,95.9,58.87,2.855,7.43,0.27,83.7,0
"2016-06-30 00:00:00",749,16.99,24.07,9.61,73.86,98.8,40.28,1.745,5.86,0.03,120.7,0
"2016-07-01 00:00:00",750,19.83,26.63,10.95,77.14,97.9,52.74,2.013,6.41,0.04,184.5,0
"2016-07-02 00:00:00",751,19.89,24.61,13.89,79.99,98.5,46.29,2.96,8.97,0.52,137.6,50
"2016-07-03 00:00:00",752,15.08,18.23,10.28,87.4,98.6,72.21,1.525,4.47,0.01,99.6,0
"2016-07-04 00:00:00",753,16.33,18.19,13.69,98.5,100,91.6,2.601,7.33,0.03,106.1,58
"2016-07-05 00:00:00",754,19.95,24.23,17.02,96.9,100,83.9,1.638,4.52,0.02,151.3,0
"2016-07-06 00:00:00",755,24.02,29.71,20.06,87.6,100,64.73,2.188,1000,0.15,222.4,0
"2016-07-07 00:00:00",756,22.88,28.32,19.12,91.7,100,72.19,2.744,17.9,0.08,199.2,53
"2016-07-08 00:00:00",757,22.57,28.66,17.91,91.6,100,69.74,3.565,1000,0.53,218.1,0
"2016-07-09 00:00:00",758,23.59,29.83,18.25,83.2,100,49.72,2.829,1000,0.12,276.4,0
"2016-07-10 00:00:00",759,21.02,26.12,14.86,81,99.5,59.98,2.523,1000,0.39,227,0
"2016-07-11 00:00:00",760,21.37,28.14,13.51,81.7,100,56.79,2.523,1000,0.02,130.3,0
"2016-07-12 00:00:00",761,24.46,31.21,17.66,84.4,98.4,66,2.92,7.98,0.15,164.3,0
"2016-07-13 00:00:00",762,24.54,31.2,19.24,88.3,100,66.22,2.778,8.82,0.57,212.6,0
"2016-07-14 00:00:00",763,23,30.97,18.77,94.2,100,65.71,2.848,1000,0.18,211.4,102
"2016-07-15 00:00:00",764,23.51,29.71,18.48,85.9,100,51.64,2.805,8.04,0.07,253,0
"2016-07-16 00:00:00",765,21.82,26.32,17.27,81.7,99.7,52.57,2.781,10.09,0.24,259.8,0
"2016-07-17 00:00:00",766,20.29,26.48,16.1,84,98.3,60.3,1.855,5.22,0.02,94.5,0
"2016-07-18 00:00:00",767,22.52,29.96,15.28,91.6,99.5,75.71,2.842,17.23,0.19,166.4,39
"2016-07-19 00:00:00",768,24.22,29.85,20.12,91.3,100,71.03,2.241,10.18,0.02,199.6,3
"2016-07-20 00:00:00",769,24.52,31.06,18.78,90.6,100,65.24,1.355,6.24,0,172.6,0
"2016-07-21 00:00:00",770,25,30.97,19.57,88.5,100,66.11,1.514,5.41,0,177.3,0
"2016-07-22 00:00:00",771,26.97,33.25,20.54,90,100,70.88,2.338,12.86,0.37,202.3,0
"2016-07-23 00:00:00",772,24.71,30.48,20.52,87.8,100,65.06,1.941,8.85,0,182.3,36
"2016-07-24 00:00:00",773,26.29,32.18,20.5,88.7,100,69.86,1.301,5.16,0.01,173.5,0
"2016-07-25 00:00:00",774,26.7,33.17,19.59,89.5,100,70.75,2.786,14.91,0.2,185.6,90
"2016-07-26 00:00:00",775,24.05,29.04,19.96,89,100,70.95,1.832,5.82,0.03,182.9,13
"2016-07-27 00:00:00",776,23.91,28.18,18.23,83.5,99.2,64.14,1.604,5.35,0.03,80.2,0
"2016-07-28 00:00:00",777,23.42,29.41,16.96,86.8,100,59.92,1.301,5.23,0.08,106.2,0
"2016-07-29 00:00:00",778,23.21,29.36,19.84,91.8,100,66.64,1.223,3.87,0.02,180.7,2
"2016-07-30 00:00:00",779,22.52,27.8,18,89.3,100,62.26,1.763,7.65,0,247.2,0
"2016-07-31 00:00:00",780,21.65,27.91,16.73,89,100,62.6,2.235,1000,0.14,222.6,0
"2016-08-01 00:00:00",781,22.08,27.61,16.63,88.6,100,66.8,1.361,3.93,0.06,81.6,0
"2016-08-02 00:00:00",782,22.78,28.24,18.19,89.3,100,67,1.729,4.58,0.26,75.24,0
"2016-08-03 00:00:00",783,23.46,29,18.02,88.7,100,65.27,1.209,4.14,0.04,133.7,0
"2016-08-04 00:00:00",784,24.35,30.24,19.02,87.2,100,65.61,1.701,5.23,0.09,94.6,0
"2016-08-05 00:00:00",785,25.21,31.64,18.59,85,100,57.47,1.307,3.88,0.02,155.5,0
"2016-08-06 00:00:00",786,24.28,28.09,21.13,85.7,99.7,70.8,2.239,6.7,0.1,270.4,0
"2016-08-07 00:00:00",787,22.22,27.57,16.97,79.81,96.4,54.84,2.168,5.74,0.12,173,0
"2016-08-08 00:00:00",788,21.17,26.86,15.61,77.97,96.2,52.15,2.078,5.95,0.37,55.15,0
"2016-08-09 00:00:00",789,22.43,29.09,17.49,85,98.5,62.4,1.865,4.97,0.1,86.4,0
"2016-08-10 00:00:00",790,23.5,30.51,17.97,79.95,97.9,49.4,1.156,3.18,0.01,111.5,0
"2016-08-11 00:00:00",791,24.8,31.56,17.96,84.1,99.6,56.4,1.268,4.24,0.05,132.3,0
"2016-08-12 00:00:00",792,26.57,33.45,20.46,87.7,100,63.85,2.2,7.34,0.01,204.7,0
"2016-08-13 00:00:00",793,25.83,31.61,21.37,90.6,100,72.01,2.64,9.03,0.44,197.1,56
"2016-08-14 00:00:00",794,23.02,26.59,19.24,92.2,100,75.2,2.668,7.37,0.53,259,0
"2016-08-15 00:00:00",795,20.98,24.93,16.59,94.3,100,79.99,3.335,1000,0.01,210.2,0
"2016-08-16 00:00:00",796,21.36,24.65,19.62,99.7,100,92.9,3.624,1000,0.3,151.4,157
"2016-08-17 00:00:00",797,23.11,29.09,19.36,91.6,100,66.88,2.242,7,0.08,250,8
"2016-08-18 00:00:00",798,23.07,29.77,19.11,93.9,100,70.69,1.767,5.65,0.21,217.1,0
"2016-08-19 00:00:00",799,23.43,30.45,17.92,90.1,100,68,2.098,13.23,0.1,206.8,35
"2016-08-20 00:00:00",800,23.04,28.66,17.98,91.8,100,66.09,2.067,5.61,0.05,196.6,0
"2016-08-21 00:00:00",801,22.27,27.27,17.07,91.1,100,69.59,3.636,10.92,0.52,236.9,39
"2016-08-22 00:00:00",802,18.16,24.51,13.2,83.5,100,54.78,2.503,8.05,0.47,284.6,0
"2016-08-23 00:00:00",803,18.67,26.24,11.23,83.1,100,52.26,1.438,5.27,0.03,202.8,0
"2016-08-24 00:00:00",804,20.39,27.36,12.24,85,100,59.11,2.274,7.65,0.2,157.1,0
"2016-08-25 00:00:00",805,24,30.37,18.74,91.6,100,71.83,3.099,10.7,0.14,210,67
"2016-08-26 00:00:00",806,24.22,30,18.35,87.9,100,67.57,2.134,13.41,0.11,224.2,4
"2016-08-27 00:00:00",807,22.82,29.22,19.28,92.2,100,64.7,1.877,6.48,0.06,101.3,29
"2016-08-28 00:00:00",808,24.01,30.83,19.7,91,100,70.54,2.009,16.02,0.03,193.1,5
"2016-08-29 00:00:00",809,24.46,30.95,19,88.7,100,61.26,1.343,6.06,0.01,125.8,0
"2016-08-30 00:00:00",810,24.4,30.43,18.34,88.5,100,65.11,1.427,4.78,0.02,111.2,0
"2016-08-31 00:00:00",811,23.67,29.8,19.09,90.1,100,66.71,1.66,7.24,0.02,192.5,0
"2016-09-01 00:00:00",812,22.23,27.92,16.06,85.2,100,66.01,2.278,7.97,0.02,168.9,0
"2016-09-02 00:00:00",813,18.79,24.26,14.73,76.85,93.5,50.97,3.639,8.22,0.71,53.67,0
"2016-09-03 00:00:00",814,17.95,23.87,13.17,79.79,96.8,53.64,2.98,8.02,0.87,48.96,0
"2016-09-04 00:00:00",815,17.98,25.78,12.3,82.1,97.7,51.93,2.125,5.97,0.09,74.24,0
"2016-09-05 00:00:00",816,19.76,27.83,12.86,81.4,99.2,47.29,1.97,6.69,0.09,111.2,0
"2016-09-06 00:00:00",817,24.19,31.66,16.15,85.1,98.8,62.36,2.631,8.29,0.07,177.7,0
"2016-09-07 00:00:00",818,25.64,32.77,19.75,85.8,100,59.64,2.728,8.61,0.35,203.3,0
"2016-09-08 00:00:00",819,25.88,32.8,20.66,84.9,100,57.84,2.779,10.01,0.37,214.2,0
"2016-09-09 00:00:00",820,23.02,26.26,18.81,96.1,100,83.8,2.255,9.53,0.06,247.2,139
"2016-09-10 00:00:00",821,21.08,26.11,18.79,98.2,100,80.3,1.993,8.98,0,208.6,270
"2016-09-11 00:00:00",822,19.59,24.25,11.98,83.8,100,50.5,3.257,10.78,0.04,276.4,87
"2016-09-12 00:00:00",823,16.86,23.97,10.2,78.05,100,43.51,1.295,4.52,0.02,187.3,0
"2016-09-13 00:00:00",824,17.76,26.22,10.16,80.2,100,46.81,1.855,7.2,0.01,163.7,0
"2016-09-14 00:00:00",825,20.59,29.32,11.92,83,100,52.66,1.545,5.65,0,228.1,0
"2016-09-15 00:00:00",826,21.19,26.57,17.31,87,99.5,63.75,2.337,7.47,0.06,79.87,4
"2016-09-16 00:00:00",827,20.98,28.21,16.52,86.7,100,58.15,2.097,7.75,0.14,93.9,0
"2016-09-17 00:00:00",828,20.64,24.79,16.98,95.7,100,78.33,2.199,7.73,0.26,173.3,15
"2016-09-18 00:00:00",829,20.8,26.76,15.24,87.4,100,55.43,2.042,7.24,0.01,236.1,11
"2016-09-19 00:00:00",830,19.98,27.45,13.51,75.18,100,35.02,1.348,4.51,0.01,247,0
"2016-09-20 00:00:00",831,19.97,29.34,11,76.39,100,36.9,1.685,6.87,0.05,201.1,0
"2016-09-21 00:00:00",832,22.48,31.6,14.46,79.67,100,46.27,1.39,4.43,0.02,190,0
"2016-09-22 00:00:00",833,22.15,31.16,14.31,75.53,99.8,35.51,1.463,6.73,0.01,142.4,0
"2016-09-23 00:00:00",834,21.84,31.33,13.75,75.15,99.6,37.66,1.642,6.08,0.07,164.1,0
"2016-09-24 00:00:00",835,23.05,31.31,15.02,77.14,100,43.38,1.556,5.15,0,174.3,0
"2016-09-25 00:00:00",836,23,30.6,17.88,82.1,100,48.91,1.998,5.87,0.01,93.6,0
"2016-09-26 00:00:00",837,22.23,31.77,16.85,85.6,100,50.22,2.393,14.05,0.11,179.9,17
"2016-09-27 00:00:00",838,15.38,22.16,7.49,67.15,97.2,25.97,3.33,10.49,0.03,276.8,14
"2016-09-28 00:00:00",839,14.58,23.55,7.602,64.33,94.4,25.82,2.85,10.67,0.02,250.2,0
"2016-09-29 00:00:00",840,13.04,17,10.65,81.8,97.3,59.13,3.602,10.09,0.02,287.9,0
"2016-09-30 00:00:00",841,15.8,21.79,11.96,86,98.7,55.8,3.551,9.36,0.34,113.7,11
"2016-10-01 00:00:00",842,15.89,19.6,14.36,96.1,98.9,84.6,2.833,8.11,0.49,55.83,42
"2016-10-02 00:00:00",843,15.71,20.75,13.67,93.2,100,67.71,1.463,4.85,0.01,140,3
"2016-10-03 00:00:00",844,15.62,21.65,10.83,88.8,100,63.69,1.428,5.48,0.02,223.9,0
"2016-10-04 00:00:00",845,16.48,21.87,11.68,80,97.4,51.25,1.344,3.85,0.04,95.7,0
"2016-10-05 00:00:00",846,18.53,25.9,12.92,77.81,96.7,48.61,2.755,8.23,0.34,124,0
"2016-10-06 00:00:00",847,20.38,27.58,15.62,80.2,99.8,54.45,3.055,9.39,0.14,181.8,0
"2016-10-07 00:00:00",848,21.56,28.74,15.58,78.93,99.7,54.67,2.293,7.48,0.01,170.3,0
"2016-10-08 00:00:00",849,15.56,23.65,8.82,77.82,99.9,58.54,3.213,10.22,0.15,276.5,0
"2016-10-09 00:00:00",850,11.73,19.26,5.138,64.44,93.7,39.12,2.146,8.1,0.15,217.4,0
"2016-10-10 00:00:00",851,13.53,23.37,4.805,71.58,98.8,34.53,1.906,6.58,0.05,222.5,0
"2016-10-11 00:00:00",852,14.83,23.88,5.926,72.48,97.9,34.04,1.322,4.71,0.02,148.7,0
"2016-10-12 00:00:00",853,16.65,24.92,8.1,70.29,97.9,36.61,2.598,8.2,0.04,165.9,0
"2016-10-13 00:00:00",854,14.95,22.41,8.64,89.7,98.5,67.52,3.815,11.05,0.33,243.7,20
"2016-10-14 00:00:00",855,8.75,15.15,3.522,77.83,97,44.38,2.034,8.75,0.02,160.6,0
"2016-10-15 00:00:00",856,11.66,20.08,3.562,79.83,97.6,46.4,2.611,7.68,0.43,125.1,0
"2016-10-16 00:00:00",857,17.56,23.63,12.94,89.5,100,69.01,3.32,10.42,0.23,191.8,0
"2016-10-17 00:00:00",858,18.26,21.43,15.36,94.8,99.5,88.1,2.703,7.22,0.3,185,25
"2016-10-18 00:00:00",859,22.11,28.38,17.17,79.25,98.2,54.99,5.273,15.86,0.49,195.8,0
"2016-10-19 00:00:00",860,21.04,25.54,15.24,78.02,90.2,65.18,3.557,11.78,0.09,220.1,0
"2016-10-20 00:00:00",861,15.28,19.91,9.68,80.6,98.7,56.51,2.769,8.53,0.12,53.79,21
"2016-10-21 00:00:00",862,12.12,15.7,7.772,92.6,99.2,81.1,3.985,9.95,0.21,176.1,81
"2016-10-22 00:00:00",863,7.748,13.89,2.633,76.48,89,52.66,3.473,9.26,0.44,277.5,0
"2016-10-23 00:00:00",864,7.432,15.96,-0.118,78.75,98.1,51.1,1.756,6.54,0.16,243.2,0
"2016-10-24 00:00:00",865,13.35,23.11,4.038,76.34,99.7,48.18,3.045,11.08,0.31,247.2,0
"2016-10-25 00:00:00",866,10.68,16.63,4.734,72.68,95.5,44.59,2.848,7.31,0.28,108.6,0
"2016-10-26 00:00:00",867,9.18,15.85,3.522,77.39,95.4,45.27,2.979,7.28,0.55,87.7,4
"2016-10-27 00:00:00",868,12.34,18.44,8.06,90.9,99.9,61.97,3.537,9.95,0.19,173.1,24
"2016-10-28 00:00:00",869,9.03,11.47,5.482,89.9,99.3,80.5,2.674,9.1,0.15,243.4,0
"2016-10-29 00:00:00",870,11.94,19.88,3.26,90.2,100,72.03,3.15,9.53,0.02,172.2,0
"2016-10-30 00:00:00",871,19.3,26.1,14.3,79.14,96.9,53.09,3.575,12.2,0.14,225.6,0
"2016-10-31 00:00:00",872,13.4,18.33,6.905,83.7,96.3,61.38,3.345,7.95,0.55,100,0
"2016-11-01 00:00:00",873,12,19.1,4.835,89.1,97,73.89,3.169,6.84,0.7,124.5,0
"2016-11-02 00:00:00",874,18.23,25.75,13.93,82.2,98.6,51.74,2.923,10.4,0.09,203.4,0
"2016-11-03 00:00:00",875,17.75,24.79,13.2,87.1,99.7,63.81,2.509,14.83,0.03,208.4,34
"2016-11-04 00:00:00",876,15.07,18.39,10.71,91.2,99.8,73.94,2.62,7.17,0.28,243.5,0
"2016-11-05 00:00:00",877,9.83,16.3,4.614,82.6,98.5,48.97,1.758,6.68,0.01,94.6,0
"2016-11-06 00:00:00",878,9.32,16.99,2.916,84.8,99.9,54.27,1.226,4.56,0.03,245.3,0
"2016-11-07 00:00:00",879,10.28,19.24,3.623,80.7,100,42.67,1.693,5.96,0.27,139.7,0
"2016-11-08 00:00:00",880,11,19.6,4.17,79.36,96.3,47.55,1.261,5.1,0.02,147.5,0
"2016-11-09 00:00:00",881,10.72,13.38,6.329,93.3,99.8,83.4,2.115,9.24,0.15,235.2,28
"2016-11-10 00:00:00",882,7.084,13.13,0.813,85.3,99.5,63.19,2.795,7.67,0.57,284.5,0
"2016-11-11 00:00:00",883,7.077,14.86,-0.482,83.6,99.6,56.79,2.982,9.6,0.57,244,0
"2016-11-12 00:00:00",884,8.2,14.2,2.552,75.3,88.2,55.73,4.148,10.77,0.98,120.2,0
"2016-11-13 00:00:00",885,3.376,9.96,-1.21,79.28,96,46.36,1.315,4.12,0,143.9,0
"2016-11-14 00:00:00",886,2.913,12.92,-4.412,79.1,98.3,40.61,1.792,6.54,0.17,217.1,0
"2016-11-15 00:00:00",887,7.528,16.67,-0.918,81.4,97.3,55.82,1.872,7.43,0.18,221,0
"2016-11-16 00:00:00",888,7.317,14.81,2.683,89.2,100,63.43,2.043,6.7,0.23,264.8,0
"2016-11-17 00:00:00",889,8.19,16.59,0.448,85.9,100,57.94,1.635,5.51,0.01,187.1,0
"2016-11-18 00:00:00",890,14.15,23.35,5.351,74.84,95.9,48.96,3.628,10.32,0.06,165.4,0
"2016-11-19 00:00:00",891,12.35,21.13,3.825,77.85,96.8,69.25,5.552,14.16,0.12,222.4,43
"2016-11-20 00:00:00",892,1.416,3.846,-2.436,70.16,79.99,57.46,7.183,16.1,1.59,296.7,0
"2016-11-21 00:00:00",893,-2.165,2.259,-5.244,75.59,95.1,54.89,2.589,8.55,0.12,239.5,0
"2016-11-22 00:00:00",894,-1.209,4.876,-7.09,81.2,96.2,53.54,1.125,3.8,0.03,126.3,0
"2016-11-23 00:00:00",895,3.251,8.41,-1.392,77.6,94.4,51.96,4.04,10.57,0.13,117.1,27
"2016-11-24 00:00:00",896,5.656,8.36,3.159,98.4,100,90.8,4.337,9.63,0.22,183.6,57
"2016-11-25 00:00:00",897,3.64,5.542,2.734,91.9,99.6,87.7,2.768,8.59,0.02,277.3,0
"2016-11-26 00:00:00",898,3.697,4.654,2.674,87,94.4,76.94,2.195,6.83,0.27,283.4,0
"2016-11-27 00:00:00",899,3.436,9.52,-0.694,91.4,99.9,71.27,1.996,6.11,0.11,228.4,0
"2016-11-28 00:00:00",900,2.873,6.016,-1.009,96.1,100,86.2,3.846,10.84,0.26,184.9,4
"2016-11-29 00:00:00",901,7.665,9.71,4.846,97.2,100,86.5,6.9,15.68,0.5,178.2,89
"2016-11-30 00:00:00",902,8.74,14.06,5.33,93.2,99.8,71.61,3.508,9.66,0.08,194.3,0
"2016-12-01 00:00:00",903,2.636,6.996,-1.292,87.4,99.6,72.94,3.359,9.48,0.27,256.2,0
"2016-12-02 00:00:00",904,2.28,3.784,1.49,81.5,86.4,75.32,3.961,9.58,0.46,263.3,0
"2016-12-03 00:00:00",905,2.692,4.37,1.358,85.9,93.3,76.5,2.514,7.3,0.45,275.4,0
"2016-12-04 00:00:00",906,0.672,2.936,-1.343,82.7,93.8,72.16,2.07,7.31,0.29,210.1,0
"2016-12-05 00:00:00",907,-0.087,1.096,-0.786,97,100,91.8,2.435,7.07,0.32,146.2,43
"2016-12-06 00:00:00",908,0.687,3.26,-0.594,97.5,100,92.6,2.636,7.52,0.31,164.2,0
"2016-12-07 00:00:00",909,0.951,3.078,-1.566,93,99.1,80.4,3.5,11.57,0.7,229.2,0
"2016-12-08 00:00:00",910,-1.737,1.238,-4.949,76.14,85.6,67.2,3.836,11.91,0.44,277,0
"2016-12-09 00:00:00",911,-6.581,-4.938,-7.698,78.09,83.9,72.32,6.26,12.55,1.45,288,0
"2016-12-10 00:00:00",912,-5.52,-3.135,-6.967,75.4,85.6,62.31,3.027,7.1,0.45,280.4,0
"2016-12-11 00:00:00",913,-4.444,-2.082,-6.602,79.42,95.5,65.28,2.717,9.05,0.16,210.4,7
"2016-12-12 00:00:00",914,0.107,1.986,-3.592,88.9,100,71.02,3.59,9.12,0.23,191.2,17
"2016-12-13 00:00:00",915,-2.883,1.722,-6.238,88.7,100,75.04,3.601,10.75,0.01,250.7,0
"2016-12-14 00:00:00",916,-6.101,-2.142,-13.98,84.8,98.9,63.69,3.071,10.03,0,265,9
"2016-12-15 00:00:00",917,-10.62,-4.23,-17.03,69.86,89.9,53.47,3.671,13.52,0.08,270.9,0
"2016-12-16 00:00:00",918,-12.1,-9.19,-15.59,66.85,77.16,55.45,3.259,10.15,0.09,255.6,0
"2016-12-17 00:00:00",919,-6.7,-2.781,-10.32,78.02,98.7,66.01,4.804,10.16,0.78,148.3,1
"2016-12-18 00:00:00",920,-3.515,-0.482,-8.16,96.7,100,88.4,3.862,11.6,0.17,218.6,2
"2016-12-19 00:00:00",921,-14,-8.17,-19.64,84.1,90.3,73.77,9.21,1000,0.2,307.1,0
"2016-12-20 00:00:00",922,-14.26,-7.83,-20.8,82.5,89.6,65.64,1.793,10.02,0.12,206.6,0
"2016-12-21 00:00:00",923,-6.072,0.508,-11.84,81.6,93.6,58.45,3.221,9.67,0.11,217,0
"2016-12-22 00:00:00",924,-2.056,4.512,-9.22,85,93.6,65.66,2.512,7.9,0.01,202,0
"2016-12-23 00:00:00",925,1.198,4.754,-2.992,85.7,98.9,71.1,2.633,7.64,0.36,273.1,0
"2016-12-24 00:00:00",926,0.257,2.188,-2.325,96.4,100,89,3.011,10.7,0.02,178.4,0
"2016-12-25 00:00:00",927,2.623,5.31,1.196,97.9,100,89.5,2.01,4.69,0.15,147.8,0
"2016-12-26 00:00:00",928,3.117,8.63,0.792,99.6,100,98.3,4.254,9.67,1.44,100.1,0
"2016-12-27 00:00:00",929,8.18,14.29,-0.31,90.5,100,68.31,4.799,12.69,0.29,231.4,0
"2016-12-28 00:00:00",930,-0.719,2.896,-3.358,82.1,97.3,67.54,3.381,10.22,0.45,262.3,0
"2016-12-29 00:00:00",931,1.196,6.582,-4.574,85.9,98.4,64.07,3.264,9.97,0.42,206.5,0
"2016-12-30 00:00:00",932,1.218,4.228,-0.584,74.6,88.3,56.58,7.164,16.88,1.29,283.1,0
"2016-12-31 00:00:00",933,-0.313,2.845,-4.361,71.48,85.1,54.33,5.116,13.71,0.75,248.6,0
"2017-01-01 00:00:00",934,1.921,8.13,-5.588,72.86,96.9,50.42,4.239,11.34,0.13,246.8,0
"2017-01-02 00:00:00",935,-1.298,4.947,-7.191,85.7,97.7,59.82,2.147,5.04,0.04,121.8,0
"2017-01-03 00:00:00",936,4.104,8.28,-0.159,98.3,100,91.1,2.567,6.67,0.21,83.3,0
"2017-01-04 00:00:00",937,2.746,6.471,-5.872,99.4,100,82.3,4.215,14.1,0.07,233,0
"2017-01-05 00:00:00",938,-8.36,-5.862,-10.81,76.98,86.8,64.71,6.103,12.4,1.22,290.7,0
"2017-01-06 00:00:00",939,-11.47,-9.32,-13.88,82.7,90.2,71.86,3.731,10.25,0.6,298.9,0
"2017-01-07 00:00:00",940,-15.98,-11.52,-19.7,80.7,88.7,67.74,2.386,7.44,0.15,282.6,0
"2017-01-08 00:00:00",941,-13.58,-7.364,-20.01,81.1,89.6,68.23,2.895,8.79,0.42,267.5,0
"2017-01-09 00:00:00",942,-11.85,-7.302,-18.74,75.18,88.5,60.66,3.381,9.94,0.09,219.5,0
"2017-01-10 00:00:00",943,-3.221,2.006,-8.49,78.83,87.8,69.69,4.953,14.25,0.38,189,0
"2017-01-11 00:00:00",944,4.407,12.1,-1.656,88.8,98.3,73.95,10.02,1000,0.86,215.4,0
"2017-01-12 00:00:00",945,4.953,14.87,-4.27,96.8,100,90.3,4.484,14.55,0.22,190.2,0
"2017-01-13 00:00:00",946,-0.518,7.52,-5.365,95.2,100,85.6,4.159,11.5,0.31,259.3,0
"2017-01-14 00:00:00",947,-3.696,-1.434,-6.492,84.2,88.8,79.93,4.25,9.26,0.94,83.3,0
"2017-01-15 00:00:00",948,-1.317,-0.502,-2.284,96.6,99.6,88.3,2.064,5.35,0.03,187.4,0
"2017-01-16 00:00:00",949,-0.821,1.137,-2.446,94.8,98.7,84.9,1.958,4.66,0.39,83,0
"2017-01-17 00:00:00",950,4.401,11.29,-0.159,99.8,100,98.7,3.298,11.11,1.01,117.5,0
"2017-01-18 00:00:00",951,5.489,12.34,1.763,97.9,100,93.8,5.424,11.49,1.58,264.5,0
"2017-01-19 00:00:00",952,2.055,5.078,0.59,95.6,99.8,82.1,3.407,9.71,0.26,234.5,0
"2017-01-20 00:00:00",953,3.501,5.886,-0.461,98.8,100,93.2,3.298,8.53,0.35,112.6,0
"2017-01-21 00:00:00",954,7.721,10.69,5.33,99.6,100,97.4,2.399,7.35,0.01,167.5,0
"2017-01-22 00:00:00",955,10.79,16.98,7.086,91.2,100,63.66,2.973,8.76,0.02,185.3,0
"2017-01-23 00:00:00",956,6.641,9.85,4.189,96.1,99.6,89.9,4.099,12.41,0.7,52.05,0
"2017-01-24 00:00:00",957,3.464,4.28,2.562,93.2,99,87.7,4.985,11.15,1.09,304.3,0
"2017-01-25 00:00:00",958,3.173,4.835,0.236,90,98.9,79.48,2.477,7.3,0.03,195.6,0
"2017-01-26 00:00:00",959,4.154,10.12,0.873,86.5,98.6,75.58,5.201,14.04,0.42,224.9,0
"2017-01-27 00:00:00",960,-0.458,1.137,-1.332,88.3,97.6,80.1,6.629,1000,1.46,279,0
"2017-01-28 00:00:00",961,-2.809,-1.1,-5.284,84.9,92.1,76.25,4.779,11.14,0.76,266.7,0
"2017-01-29 00:00:00",962,-1.653,1.986,-5.903,84.7,95.2,73.47,4.819,10.91,0.47,282.1,0
"2017-01-30 00:00:00",963,-3.18,-2.051,-6.136,82.2,95.4,71.34,3.868,9.39,0.61,312.2,0
"2017-01-31 00:00:00",964,-3.622,4.714,-14.03,85.5,96.3,66.26,3.348,12.92,0.04,231.3,0
"2017-02-01 00:00:00",965,3.482,5.805,0.145,79.8,92,69.18,5.892,15.78,0.38,274.5,0
"2017-02-02 00:00:00",966,1.901,5.775,-3.327,72.76,90.4,50.77,3.66,10.65,0.26,306.3,0
"2017-02-03 00:00:00",967,-5.328,-1.372,-7.942,63.17,77.42,43.44,4.667,11.27,0.93,316.1,0
"2017-02-04 00:00:00",968,-5.909,-1.028,-9.55,61.81,81.1,37.24,3.514,8.82,0.79,298.2,0
"2017-02-05 00:00:00",969,-3.698,1.662,-11.8,61.83,89.3,37.68,3.87,12.35,0.08,186.1,0
"2017-02-06 00:00:00",970,0.847,7.652,-5.01,71.84,91.9,51.18,2.621,8.31,0.02,234.5,0
"2017-02-07 00:00:00",971,3.094,9.9,-4.23,95.9,100,83.8,2.766,6.84,0.42,145.9,0
"2017-02-08 00:00:00",972,10.03,16.2,-0.3,94,100,76.44,5.764,15.04,0.77,243.4,0
"2017-02-09 00:00:00",973,-2.576,0.246,-8.71,89.8,97.1,81.6,4.816,10.42,1.22,235.3,0
"2017-02-10 00:00:00",974,-9.89,-6.764,-13.69,76.32,89.9,57.98,3.751,10.45,0.31,268.3,0
"2017-02-11 00:00:00",975,0.348,9.18,-9.25,81.1,93.5,69.58,4.43,13.28,0.11,192.2,0
"2017-02-12 00:00:00",976,10.31,18.5,1.864,89.1,99.5,71.38,2.025,8.53,0.01,190.5,0
"2017-02-13 00:00:00",977,5.321,11.23,0.388,70.87,99.8,31.42,6.327,16.13,1.62,273.3,0
"2017-02-14 00:00:00",978,1.613,7.944,-5.507,69.97,96.8,36.02,2.293,8.45,0.11,258.7,0
"2017-02-15 00:00:00",979,4.155,11.03,-0.866,73.78,94.5,48.02,3.473,9.47,0.49,264.5,0
"2017-02-16 00:00:00",980,0.729,5.814,-3.368,64.75,88,35.03,4.267,10.46,0.69,304.9,0
"2017-02-17 00:00:00",981,2.377,10.25,-5.71,68.38,92.5,38.67,3.05,9.98,0.1,207.4,0
"2017-02-18 00:00:00",982,9.81,20.48,2.138,62.91,86.3,33.69,2.993,10.14,0.14,222.6,0
"2017-02-19 00:00:00",983,9.92,19.86,2.602,73.91,99.6,39.63,2.608,9.13,0.12,229.9,0
"2017-02-20 00:00:00",984,10.76,19.51,4.835,87.6,100,46.56,2.143,6.88,0.12,204.5,0
"2017-02-21 00:00:00",985,12.61,21.43,5.4,83.8,100,54.13,4.256,11.25,0.45,149.7,0
"2017-02-22 00:00:00",986,12.75,15.95,9.72,89.2,98.2,76.46,1.368,5.19,0.01,165.8,0
"2017-02-23 00:00:00",987,12.94,21.08,6.108,89.9,100,62.82,2.641,8.18,0.12,206.6,0
"2017-02-24 00:00:00",988,11.08,14.99,5.3,95.4,100,85.8,2.507,6.55,0.04,135.3,0
"2017-02-25 00:00:00",989,12.12,20.25,2.814,82.4,96.5,65.87,6.361,14.41,0.57,223.3,0
"2017-02-26 00:00:00",990,-2.259,2.814,-6.48,73.65,96.4,49.11,7.025,15.49,0.76,281.7,1
"2017-02-27 00:00:00",991,0.032,9.47,-8.67,61.84,87.7,29.69,3.767,13.57,0.4,209.6,0
"2017-02-28 00:00:00",992,7.171,14.86,-2.992,73.52,94.3,46.46,3.384,9.83,0.15,165.9,0
"2017-03-01 00:00:00",993,12.69,16.77,7.188,94.6,100,83.2,5.109,12.16,0.37,181.2,6
"2017-03-02 00:00:00",994,6.556,16.87,-0.057,85.7,98.3,69.33,8.46,1000,0.43,273.2,60
"2017-03-03 00:00:00",995,0.186,4.472,-4.017,73.91,90.5,43.99,5.232,12.4,1.07,293.1,0
"2017-03-04 00:00:00",996,-1.419,2.997,-5.984,62.43,81.6,36.44,2.964,7.49,0.15,254.5,0
"2017-03-05 00:00:00",997,4.171,12.83,-1.98,62.29,81.7,41.11,4.963,11.75,1.3,126.2,0
"2017-03-06 00:00:00",998,8.74,17.91,-0.036,70.23,85.5,31.31,7.527,16.42,1.3,174.7,0
"2017-03-07 00:00:00",999,12.59,16.15,9.66,89.9,98.1,80.5,9.58,19.13,4.02,186.2,0
"2017-03-08 00:00:00",1000,8.85,16.91,1.844,73.33,98.2,36.21,7.013,18.99,1.57,245.1,59
"2017-03-09 00:00:00",1001,6.974,14.11,0.368,56.64,83.7,26.96,5.755,17.24,0.45,250.6,0
"2017-03-10 00:00:00",1002,5.658,13.59,0.024,60.31,83.5,34.34,4.599,11.89,0.67,53.4,0
"2017-03-11 00:00:00",1003,-0.047,3.674,-2.872,45.48,78.87,24.61,5.997,13.26,1.26,241,0
"2017-03-12 00:00:00",1004,-2.588,0.631,-5.101,35.98,49.37,24.3,3.558,7.81,0.31,140.5,0
"2017-03-13 00:00:00",1005,-1.531,2.926,-7.252,49.21,73.02,29.9,2.277,7.1,0.02,112.8,0
"2017-03-14 00:00:00",1006,-2.496,-0.159,-4.918,91,97.6,54.83,4.671,9,1.99,64.84,9
"2017-03-15 00:00:00",1007,-5.447,-2.507,-8.59,81.2,94.6,61.51,4.879,10.3,0.74,166.2,0
"2017-03-16 00:00:00",1008,-5.54,-1.22,-10.14,67.87,87.8,53.44,3.954,10.03,0.05,301.3,0
"2017-03-17 00:00:00",1009,-0.299,6.844,-9.02,67.05,95,34.87,3.335,8.99,0.71,193.6,0
"2017-03-18 00:00:00",1010,5.905,11.71,2.198,87.1,99.6,63.29,4.24,8.86,0.93,220.6,2
"2017-03-19 00:00:00",1011,2.999,5.664,0.346,80.1,91.7,71.97,4.791,12,0.58,295.4,0
"2017-03-20 00:00:00",1012,5.825,12.82,-2.184,71.02,96.9,43.21,2.941,8.07,0.11,163.1,0
"2017-03-21 00:00:00",1013,10.94,20.6,5.562,78.73,96.1,51.88,5.279,11.9,0.25,129.7,23
"2017-03-22 00:00:00",1014,6.336,11.77,-0.078,76.06,95.9,45.4,4.983,12.72,1.92,120.5,0
"2017-03-23 00:00:00",1015,0.482,5.38,-3.298,64.22,88.1,38.37,5.71,12.86,1.94,66.13,0
"2017-03-24 00:00:00",1016,4.254,9.09,-2.031,64.59,82.1,41.39,5.298,10.43,1.84,137.2,0
"2017-03-25 00:00:00",1017,16.57,24.92,8.04,70.98,91,49.16,7.347,17.16,1.71,197.8,0
"2017-03-26 00:00:00",1018,16.03,21,12.34,80.9,96.2,53.99,4.899,12.43,0.48,152.2,0
"2017-03-27 00:00:00",1019,13.19,16.71,8.05,86.1,96.4,62.86,5.414,11.07,1.4,220.1,0
"2017-03-28 00:00:00",1020,10.82,16.99,5.038,92.6,100,64.53,3.378,8.76,0.11,99.8,7
"2017-03-29 00:00:00",1021,8.28,13.48,5.421,84.5,98.3,67.4,4.917,10.37,1.07,55.51,0
"2017-03-30 00:00:00",1022,10.26,14.17,5.906,80.7,95.6,57.29,5.909,11.56,2.25,83.5,3
"2017-03-31 00:00:00",1023,12.2,18.26,8.29,94.1,99.4,79.73,4.839,18.74,0.01,149.8,78
"2017-04-01 00:00:00",1024,5.797,10.26,4.098,95.4,100,90.3,5.049,10.39,1.06,283.8,0
"2017-04-02 00:00:00",1025,7.518,13.12,2.148,80.2,95.1,55.52,3.193,7.99,0.1,112.3,0
"2017-04-03 00:00:00",1026,10.49,18.17,4.482,78.06,98.4,45.66,3.388,9.71,0.07,130.8,0
"2017-04-04 00:00:00",1027,13.13,18.2,10.12,89.3,97.7,79.2,4.812,12.58,0.31,172.4,34
"2017-04-05 00:00:00",1028,10.79,13.69,8.61,90,97.8,73.65,5.477,12.2,1.05,217,0
"2017-04-06 00:00:00",1029,7.513,10.89,3.694,95.6,100,85.7,6.76,15.4,1.41,93.6,106
"2017-04-07 00:00:00",1030,6.4,10.79,2.926,78.34,95.8,59.15,8.05,1000,2.18,305.5,9
"2017-04-08 00:00:00",1031,6.662,12.61,0.742,59.71,88.1,30.95,4.327,10.72,0.18,278,0
"2017-04-09 00:00:00",1032,11.44,19.62,0.752,59.69,90.5,35.73,5.156,12.47,0.02,172.2,0
"2017-04-10 00:00:00",1033,17.48,24.51,10.65,59.06,68.31,48.36,8.66,17.84,3,186,0
"2017-04-11 00:00:00",1034,17.33,20.16,13.32,79.41,97.3,59.21,6.846,13.98,0.23,208.2,19
"2017-04-12 00:00:00",1035,10.22,13.39,5.886,79.86,96.7,61.38,3.334,7.66,0.31,258.9,0
"2017-04-13 00:00:00",1036,11.26,19.32,2.33,68.86,98.4,32.65,1.908,5.91,0.04,108.5,0
"2017-04-14 00:00:00",1037,16.94,26.48,6.5,67.16,91.7,43.77,3.235,10.5,0.11,145.6,0
"2017-04-15 00:00:00",1038,18.29,28.41,9.4,74.81,96.7,34.69,3.993,15.44,0.05,132.2,6
"2017-04-16 00:00:00",1039,20.48,27.38,14.18,65.33,92,36.92,6.754,16.31,0.52,201.4,0
"2017-04-17 00:00:00",1040,16.8,20.76,12.53,79.78,98.1,59.96,4.956,14.23,0.16,269.7,19
"2017-04-18 00:00:00",1041,15.2,20.87,10.61,55.94,79.43,32.82,2.597,7.5,0.12,99.1,0
"2017-04-19 00:00:00",1042,16.82,24.84,7.328,64.17,95.9,37.59,4.362,11.82,1.01,150.5,0
"2017-04-20 00:00:00",1043,20.96,27.27,13.97,74.45,98.3,45.91,4.533,8.87,1.35,212.7,0
"2017-04-21 00:00:00",1044,19.39,27.26,10.42,70.91,89.2,49.02,6.71,15.42,1.85,266,0
"2017-04-22 00:00:00",1045,9.73,13.85,6.592,65.95,79.15,49.8,5.164,12.39,0.96,164.9,0
"2017-04-23 00:00:00",1046,10,16.58,4.956,57.55,81.5,31.94,6.7,14.32,1.66,52.13,0
"2017-04-24 00:00:00",1047,13.12,21.78,3.098,41,70.74,20.16,4.259,10.25,1.58,42.2,0
"2017-04-25 00:00:00",1048,15.83,24.79,6.209,38.01,60.06,15.88,3.61,10.43,0.31,85.6,0
"2017-04-26 00:00:00",1049,18.65,26.05,8.07,60.34,90.5,37.13,4.917,13.72,0.06,151.8,0
"2017-04-27 00:00:00",1050,19.32,26.14,14.43,73.08,99.4,41.78,6.585,15.21,0.17,198.4,55
"2017-04-28 00:00:00",1051,9.11,14.51,6.572,88.9,98.7,75.19,6.211,15.75,1.03,231.7,16
"2017-04-29 00:00:00",1052,10.6,12.74,7.198,94.5,99.6,87.3,3.81,9.16,0.85,119.9,20
"2017-04-30 00:00:00",1053,11.72,15.12,8,98.8,100,96.4,5.9,16.6,0.81,86.4,135
"2017-05-01 00:00:00",1054,16.17,19.64,12.12,97.3,100,76.8,5.15,1000,0.06,147.6,142
"2017-05-02 00:00:00",1055,10.22,16.36,6.329,82.1,92.6,65.23,8.62,17.26,2.6,230.6,0
"2017-05-03 00:00:00",1056,9.6,14.55,5.32,73.59,88.2,54.23,7.46,18.36,0.96,252.8,0
"2017-05-04 00:00:00",1057,7.612,9.85,3.613,86.5,96.4,71.7,3.243,7.63,0.85,78.47,26
"2017-05-05 00:00:00",1058,7.281,8.05,6.168,95.2,98.5,87,8.47,16.15,3.46,34.16,157
"2017-05-06 00:00:00",1059,9.94,15.9,4.876,75.64,96.2,43.75,7.197,16.58,0.22,87.5,0
"2017-05-07 00:00:00",1060,10.53,15.64,5.38,77.89,98.5,48.27,3.849,12.86,0.09,135.1,20
"2017-05-08 00:00:00",1061,10.43,17.43,3.744,58.75,95.8,36.54,2.91,9.88,0.07,123.9,0
"2017-05-09 00:00:00",1062,11.2,18.55,3.744,72.07,92.4,48.07,2.926,6.75,0.23,119.1,0
"2017-05-10 00:00:00",1063,16.89,26.73,9.05,81.3,96.6,57.78,4.127,8.99,0.53,117.1,0
"2017-05-11 00:00:00",1064,18.86,27.75,11.63,84.7,98.6,56.7,3.23,17.05,0.03,148.1,39
"2017-05-12 00:00:00",1065,14.19,17.19,11.66,92,100,81.9,3.932,9.03,0.54,96,0
"2017-05-13 00:00:00",1066,15.39,21.39,8.91,69.55,95.9,42.72,3.713,9.5,1.35,38.48,0
"2017-05-14 00:00:00",1067,17.59,25.41,8.45,62.99,93.6,36.52,2.74,9.37,0.03,235.3,0
"2017-05-15 00:00:00",1068,20.9,28.48,12.42,60.73,88.7,32.49,4.037,11.47,0.42,252.7,0
"2017-05-16 00:00:00",1069,22.18,30.33,13.12,63.5,93.4,33.85,3.37,10.05,0.02,196,0
"2017-05-17 00:00:00",1070,23.26,30.09,15.34,62.99,89.9,38.44,6.942,15.76,0.14,197.9,0
"2017-05-18 00:00:00",1071,23.7,28.47,18.23,63.71,88.8,40.45,9.08,18.89,0.92,191.6,0
"2017-05-19 00:00:00",1072,24.12,31.74,15.38,66.11,92.9,38.2,7.053,14.53,0.1,212,40
"2017-05-20 00:00:00",1073,12.15,15.48,10.04,93.3,99.2,81.8,6.004,11.61,1.68,74.7,47
"2017-05-21 00:00:00",1074,17.32,25.52,10.89,91.7,100,70.79,4.993,13.28,0.09,156,87
"2017-05-22 00:00:00",1075,14.63,19.74,7.662,79.46,97,60.01,4.827,11.79,0.19,258.3,0
"2017-05-23 00:00:00",1076,15.22,22.29,6.178,72.48,99.4,39.28,3.483,11.86,0.17,221.9,0
"2017-05-24 00:00:00",1077,15.99,20.71,13,83.4,98,58.28,2.068,6.17,0.01,182,15
"2017-05-25 00:00:00",1078,13.74,15.53,12.77,95.6,98.9,88.9,3.925,10.53,0.61,265.2,11
"2017-05-26 00:00:00",1079,14.34,18.63,11.37,88.6,99.4,71.38,4.331,10.91,0.01,274.9,0
